# Yale Bright Star Catalogue, 5th ed. (Hoffleit & Warren 1991, CDS V/50), public domain.
# Stars to V 5.5. Columns: RA (deg, J2000), Dec (deg, J2000), V magnitude, B-V colour index.
1.334 -5.708 4.61 1.04
2.097 29.091 2.06 -0.11
2.295 59.150 2.27 0.34
2.337 -27.988 5.42 0.42
2.353 -45.748 3.88 1.03
2.580 46.072 5.03 0.40
2.509 -82.224 5.28 1.05
2.816 -15.468 4.89 0.49
2.893 -27.800 5.41 1.34
2.933 -35.133 5.25 0.44
3.042 -17.938 5.25 1.48
3.309 15.184 2.83 -0.23
3.651 20.207 4.80 1.57
3.615 -7.781 5.12 1.62
3.660 -18.933 4.44 1.66
4.273 38.682 4.61 0.06
4.582 36.785 4.52 0.05
4.857 -8.824 3.56 1.22
5.018 -64.875 4.23 0.58
5.150 8.190 5.37 1.34
5.280 37.969 5.18 0.42
5.380 -28.982 5.18 1.00
5.443 -20.058 5.12 1.82
6.198 61.831 5.40 0.00
6.438 -77.254 2.80 0.62
6.571 -42.306 2.39 1.09
6.551 -43.680 3.94 0.17
7.012 17.893 5.06 1.65
7.057 44.394 5.17 0.03
6.982 -33.007 4.81 1.64
7.110 -39.915 5.43 1.56
7.530 29.752 5.23 0.24
7.595 -23.788 5.19 0.12
7.943 54.522 4.73 -0.10
7.854 -48.804 4.77 0.02
7.886 -62.958 4.37 -0.07
7.890 -62.966 4.54 0.15
8.250 62.932 4.16 0.14
8.148 20.294 5.38 1.08
8.182 -63.031 5.09 0.04
8.812 -3.593 5.20 0.56
9.035 54.169 5.08 -0.11
9.194 44.489 5.13 1.60
9.243 53.897 3.66 -0.20
9.220 33.719 4.36 -0.14
9.338 35.399 5.48 0.88
9.639 29.312 4.37 0.87
9.791 49.354 5.43 1.64
9.832 30.861 3.27 1.28
9.982 21.438 5.36 1.16
10.127 56.537 2.23 1.17
10.280 39.459 5.33 0.89
10.516 50.513 4.80 -0.11
10.332 -46.085 4.59 0.97
10.867 47.025 4.94 0.18
10.618 -65.468 5.39 0.50
10.898 -17.987 2.04 1.02
10.838 -57.463 4.36 0.00
11.181 48.284 4.54 -0.07
11.047 -10.609 4.76 1.01
11.322 55.222 5.42 0.04
11.185 -22.006 5.24 0.33
11.942 74.847 5.41 -0.08
11.549 -22.522 5.50 0.98
11.638 15.476 5.38 1.65
11.756 11.974 5.50 0.97
11.835 24.267 4.06 1.12
12.275 57.816 3.44 0.57
12.209 50.968 4.89 -0.11
12.171 7.585 4.43 1.50
12.245 16.941 5.07 0.51
12.453 41.079 4.53 -0.15
12.682 64.248 5.39 0.49
12.532 -10.644 5.19 0.50
12.148 -74.923 5.07 1.37
12.672 -50.987 5.22 0.36
13.267 61.124 4.82 0.53
13.169 -24.006 5.46 1.24
13.252 -1.144 4.77 1.57
13.750 58.973 4.83 1.21
13.742 23.628 5.47 1.00
14.177 60.717 2.47 -0.15
14.166 59.181 4.63 0.96
14.006 -11.267 5.31 1.52
14.188 38.499 3.87 0.13
13.751 -69.527 5.45 1.09
14.302 23.418 4.42 0.94
14.459 28.992 5.42 1.08
14.652 -29.358 4.31 -0.16
17.186 86.257 4.25 1.21
15.705 31.804 5.50 -0.05
15.610 -31.552 5.50 0.08
15.736 7.890 4.28 0.96
15.761 -4.837 5.43 1.11
15.705 -46.398 5.36 0.90
16.420 21.473 5.34 -0.03
17.068 54.920 5.17 0.69
16.521 -46.719 3.31 0.89
17.004 43.942 5.03 0.11
16.950 -41.487 5.21 0.16
16.828 -61.775 5.37 0.88
17.148 -10.182 3.45 1.16
17.376 47.242 4.25 -0.07
17.664 68.779 5.29 -0.02
17.433 35.621 2.06 1.58
17.096 -55.246 3.92 -0.08
17.776 55.150 4.33 0.17
17.778 31.425 5.16 0.23
17.863 21.035 4.66 1.03
17.915 30.090 4.51 1.09
18.437 24.584 4.65 1.04
18.433 7.575 5.24 0.32
18.600 -7.923 5.13 0.46
18.796 -45.531 4.96 0.58
19.151 -2.500 5.41 0.90
18.942 -68.876 4.86 0.47
19.450 3.614 5.16 0.07
20.020 58.232 4.98 0.68
19.867 27.264 4.76 0.03
20.281 28.738 5.23 1.39
20.585 45.529 4.88 1.08
21.483 68.130 4.74 1.05
21.006 -8.183 3.60 1.06
21.454 60.235 2.68 0.13
21.170 -41.492 5.42 1.04
21.405 -14.599 4.90 1.23
21.564 19.172 5.38 0.39
21.674 19.240 5.50 1.11
21.914 45.407 4.83 0.42
37.953 89.264 2.02 0.60
22.091 -43.318 3.41 1.57
22.526 47.007 5.27 1.00
22.400 -21.629 5.12 0.02
22.546 6.144 4.84 1.37
22.871 15.346 3.62 0.97
22.813 -49.073 3.95 0.99
23.483 59.232 4.71 1.00
24.629 73.040 5.28 0.96
24.199 41.406 4.09 0.54
23.996 -15.400 5.42 1.21
24.498 48.628 3.57 1.28
24.837 44.386 4.98 0.89
24.429 -57.237 0.46 -0.16
25.145 40.577 4.94 -0.09
25.733 70.622 5.18 -0.04
25.447 42.614 4.95 0.62
25.358 5.487 4.44 1.36
25.624 20.269 5.24 0.84
25.915 50.689 4.07 -0.04
25.536 -32.327 5.25 1.05
25.681 -3.690 4.99 1.38
26.017 -15.938 3.50 0.72
26.348 9.158 4.26 0.96
26.497 -5.733 5.34 1.52
26.412 -25.053 5.31 0.39
26.524 -50.816 5.49 1.60
26.526 -53.522 5.04 0.04
27.396 -10.686 4.67 0.33
27.865 -10.335 3.73 1.14
28.599 63.670 3.38 -0.15
28.322 40.730 5.40 1.32
28.270 29.579 3.41 0.49
28.382 19.296 4.83 0.60
28.382 19.294 4.75 -0.04
29.000 68.685 4.99 -0.10
28.389 3.188 4.62 0.94
28.660 20.808 2.64 0.13
28.412 -46.302 4.41 1.59
28.592 -42.497 5.11 -0.06
29.338 17.817 5.10 0.92
29.168 -22.527 4.85 1.42
28.990 -51.609 3.70 0.85
29.908 64.621 5.26 0.01
29.482 23.596 4.79 0.28
28.734 -67.647 4.69 0.95
29.292 -47.385 4.83 0.88
30.489 70.907 4.54 0.16
30.859 72.421 3.98 -0.01
31.281 77.281 5.38 0.31
29.942 -20.824 5.41 1.65
30.001 -21.078 4.00 1.57
30.575 54.488 5.04 -0.08
29.692 -61.570 2.86 0.28
31.380 76.115 5.22 0.95
30.311 -30.002 5.35 0.88
30.512 2.764 5.23 0.60
30.512 2.764 4.33 0.03
30.742 33.284 5.50 0.03
30.427 -44.714 5.14 1.49
30.975 42.330 2.26 1.37
30.978 42.331 4.84 0.03
30.799 0.128 5.43 0.15
31.123 -29.297 4.69 -0.17
31.641 22.648 5.03 0.11
31.793 23.462 2.00 1.15
32.122 37.859 4.82 0.12
32.386 34.987 3.00 0.14
32.355 25.940 4.98 0.33
33.093 30.303 4.94 0.78
33.305 44.232 4.83 1.48
33.401 51.066 5.31 0.93
33.200 21.211 5.27 0.43
33.250 8.847 4.37 0.89
33.227 -30.724 5.28 -0.02
33.984 33.359 5.28 -0.01
34.263 34.224 4.87 0.61
34.329 33.847 4.01 0.02
34.820 47.380 5.30 -0.01
34.128 -51.512 3.56 -0.12
34.737 28.642 5.03 0.04
34.836 -2.978 3.04 1.42
35.589 55.846 5.17 0.37
35.486 0.396 5.28 1.65
35.552 -0.885 5.42 0.31
35.506 -10.778 5.46 0.35
36.104 50.007 5.19 0.98
35.636 -23.816 5.20 0.60
36.406 50.279 4.71 1.53
36.204 10.611 5.47 -0.10
35.437 -68.659 4.09 0.03
37.267 67.403 4.52 0.12
36.487 -12.291 4.89 -0.03
36.225 -60.312 5.35 0.39
35.718 -73.646 5.01 1.09
37.042 29.669 5.29 0.60
37.040 8.460 4.28 -0.06
36.746 -47.704 4.25 -0.14
37.007 -33.811 5.14 0.10
38.026 36.147 5.15 1.47
37.875 2.267 5.25 1.27
38.039 -1.035 5.35 1.02
38.022 -15.245 4.75 0.45
39.508 72.818 5.16 0.88
38.461 -28.232 4.90 -0.05
38.945 34.688 5.35 1.66
38.969 5.593 4.86 0.87
39.260 34.264 5.30 1.55
39.704 21.961 5.43 0.16
37.919 -79.109 5.28 0.98
39.352 -52.543 5.31 0.27
39.871 0.329 4.07 -0.22
39.891 -11.872 4.84 0.45
40.171 27.061 5.30 0.09
40.562 40.194 4.91 0.59
39.950 -42.892 4.75 0.06
40.167 -39.856 4.11 1.02
41.050 49.228 4.12 0.49
41.022 44.297 5.43 0.90
40.863 27.707 4.66 -0.13
40.165 -54.550 5.21 0.40
40.825 3.236 3.47 0.09
39.898 -68.267 4.11 -0.06
40.640 -50.800 5.41 0.56
41.031 -13.859 4.25 -0.14
41.240 12.446 5.18 0.24
41.235 10.114 4.27 0.31
41.276 -18.572 4.47 0.48
41.977 29.247 4.51 1.11
42.674 55.896 3.76 1.68
42.323 17.464 5.22 -0.06
41.386 -67.617 4.84 0.06
42.496 27.261 3.63 -0.10
42.646 38.319 4.23 0.34
42.272 -32.406 4.46 0.99
42.878 35.060 4.53 1.56
42.476 -27.942 5.39 0.02
42.873 15.082 5.49 -0.09
42.760 -21.004 4.75 0.91
42.668 -35.676 5.47 1.25
42.256 -62.807 5.26 0.10
43.565 52.763 3.95 0.74
43.427 38.338 5.33 0.41
43.470 -49.890 4.00 2.11
42.619 -75.067 4.75 1.33
44.322 31.934 5.11 -0.01
44.107 -8.898 3.89 1.11
44.156 -3.712 5.17 0.08
44.690 39.663 4.70 0.06
46.532 79.419 5.49 1.57
44.765 35.183 4.93 1.23
44.349 -23.862 5.45 0.23
44.958 47.221 5.47 0.89
44.803 21.340 4.63 0.04
44.803 21.340 4.63 0.04
45.218 52.352 5.28 -0.05
44.675 -2.782 5.23 0.00
44.929 8.908 4.70 -0.12
44.565 -40.305 3.24 0.14
44.568 -40.304 4.35 0.08
44.699 -64.071 4.99 0.13
45.570 4.090 2.53 1.64
46.199 53.506 2.93 0.70
45.676 -7.685 5.32 0.94
46.385 56.706 4.76 1.02
45.598 -23.624 4.09 0.16
46.294 38.840 3.39 1.65
46.068 -7.601 5.26 0.20
47.985 74.394 4.87 0.02
45.903 -59.738 5.11 0.34
46.640 -6.089 5.27 1.60
47.042 40.956 2.12 -0.05
47.267 49.613 4.05 0.59
47.374 44.857 3.80 0.98
47.822 39.612 4.63 1.11
47.907 19.727 4.35 1.03
50.082 77.735 5.45 0.19
48.193 -1.196 5.06 0.57
48.018 -28.987 3.87 0.52
49.051 50.938 5.03 1.15
48.725 21.044 4.89 -0.01
49.447 44.025 5.47 -0.06
48.958 -8.820 4.80 0.23
49.998 65.652 4.84 -0.15
49.657 50.222 5.15 -0.06
49.782 50.095 5.03 -0.06
49.682 34.223 4.82 1.49
49.593 -0.930 5.38 1.04
49.592 -22.511 4.88 0.90
49.840 3.370 4.83 0.68
50.085 29.048 4.47 1.55
50.360 43.329 4.95 0.04
49.879 -21.758 3.69 1.62
50.307 21.147 5.28 -0.07
49.982 -43.070 4.27 0.71
51.169 64.586 5.23 2.08
49.554 -62.506 5.24 0.60
50.805 49.213 5.29 -0.07
50.688 20.742 5.09 1.24
51.081 49.861 1.79 0.48
51.077 24.724 5.50 1.19
51.203 9.029 3.60 0.89
52.013 49.063 4.98 -0.09
52.267 59.940 4.21 0.41
51.793 9.733 3.74 -0.09
52.479 58.879 4.54 0.56
52.342 49.509 4.67 -0.09
52.501 55.452 5.09 0.05
52.644 47.995 4.36 1.35
52.602 11.336 5.14 -0.03
53.036 48.024 5.47 -0.10
52.718 12.937 4.11 1.12
53.110 46.057 5.31 0.40
52.655 -5.075 4.73 -0.09
52.345 -62.938 4.72 0.40
53.232 -9.458 3.73 0.88
54.123 48.193 4.23 -0.06
53.447 -21.633 4.27 -0.11
54.073 -17.467 5.23 -0.13
54.218 0.402 4.28 0.58
55.539 63.217 5.10 1.63
54.274 -40.275 4.58 1.04
55.731 47.788 3.01 -0.13
55.594 33.965 4.97 -0.01
56.510 63.345 4.80 0.80
56.080 32.288 3.83 0.05
55.562 -31.938 5.00 -0.16
56.298 42.579 3.77 0.42
55.812 -9.763 3.54 0.92
57.307 70.871 5.44 0.09
56.201 24.289 5.46 -0.04
56.219 24.113 3.70 -0.11
55.709 -37.314 4.59 1.20
56.302 24.467 4.30 -0.11
56.127 -1.163 5.25 -0.10
57.590 71.332 4.63 0.03
56.457 24.368 3.87 -0.07
56.418 6.050 5.35 -0.12
57.380 65.526 4.47 1.88
56.582 23.948 4.18 -0.06
56.535 -12.102 4.42 1.63
56.871 24.105 2.87 -0.09
57.087 23.421 5.45 -0.07
56.712 -23.250 4.23 0.42
57.068 11.143 5.07 -0.13
56.050 -64.807 3.85 1.13
57.386 33.091 5.11 0.07
57.290 24.053 3.63 -0.09
57.297 24.137 5.09 -0.08
56.915 -23.875 5.24 0.07
57.579 25.579 5.26 0.21
57.148 -37.622 5.40 0.01
57.150 -37.621 4.73 -0.03
57.364 -36.200 4.17 0.95
58.173 -5.361 5.48 -0.10
58.533 31.884 2.85 0.12
59.356 63.072 5.03 -0.09
59.285 61.109 5.00 1.45
58.992 47.871 5.37 -0.08
56.810 -74.239 3.24 1.62
59.152 50.695 5.28 0.41
58.573 -2.955 4.79 0.94
58.427 -24.613 4.65 -0.13
58.412 -34.732 5.11 -0.13
59.120 35.081 5.49 -0.03
59.463 40.010 2.89 -0.18
59.741 35.791 4.04 0.01
62.512 80.699 5.10 0.56
59.508 -13.509 2.95 1.59
60.170 12.490 3.47 -0.12
59.981 -24.016 4.66 -0.13
61.113 59.156 5.06 0.50
60.383 -1.550 5.28 -0.15
59.686 -61.400 4.56 1.62
60.653 -0.269 5.38 0.50
60.789 5.989 3.91 0.03
61.090 24.106 5.47 0.86
60.936 5.436 5.33 -0.08
60.986 8.197 5.46 0.37
61.174 22.082 4.36 1.07
61.041 2.827 5.36 0.50
61.646 50.351 4.29 0.02
60.224 -62.159 4.51 1.65
60.326 -61.079 4.97 1.42
61.652 27.600 5.20 -0.13
61.752 29.001 5.23 0.34
62.165 47.713 4.04 -0.03
62.292 19.609 5.50 1.07
62.708 26.481 5.41 0.34
62.324 -16.386 5.37 -0.15
62.594 -6.924 5.44 0.94
62.966 -6.837 4.04 0.33
62.711 -41.994 4.93 0.33
63.725 48.409 4.14 0.95
67.500 83.341 5.46 0.87
63.722 40.484 4.71 1.01
63.388 7.716 5.29 0.36
63.485 9.264 4.84 0.80
64.180 53.612 5.19 0.05
63.651 10.011 5.22 -0.10
66.762 80.824 5.43 1.17
63.599 -10.256 4.87 1.17
63.884 8.892 4.29 -0.06
64.561 50.296 4.61 0.04
63.818 -7.653 4.43 0.82
63.500 -42.294 3.86 1.10
65.168 65.141 5.27 0.81
64.315 20.579 4.94 0.26
64.805 50.049 5.45 0.22
65.448 60.736 5.39 1.49
63.606 -62.474 3.35 0.91
64.007 -51.487 4.25 0.30
64.859 21.142 5.35 -0.08
63.703 -62.192 5.45 1.10
64.903 21.774 5.38 -0.14
65.103 34.567 4.93 0.94
64.948 15.628 3.65 0.99
64.474 -33.798 3.56 -0.12
65.089 27.351 4.95 1.15
65.388 46.499 4.85 -0.03
64.120 -59.302 4.44 1.08
65.151 15.095 5.26 0.22
64.819 -44.268 5.34 1.08
65.162 -20.640 5.38 -0.02
65.645 25.629 5.37 -0.05
65.734 17.543 3.76 0.98
66.024 17.444 4.80 0.15
65.966 9.461 5.12 0.07
65.920 -3.746 5.17 0.08
66.342 22.294 4.22 0.13
66.354 22.200 5.28 0.25
66.373 17.928 4.29 0.05
66.526 31.439 5.28 0.97
66.577 22.814 4.28 0.26
66.009 -34.017 3.96 1.49
66.587 15.618 4.49 0.25
65.472 -63.386 5.24 0.96
66.652 14.714 4.69 0.98
67.110 16.360 4.97 1.13
67.154 19.180 3.53 1.01
67.144 15.962 3.84 0.95
67.165 15.871 3.40 0.18
67.209 13.047 5.03 0.23
67.640 16.194 4.78 0.17
67.662 15.692 5.48 0.26
67.655 13.724 5.40 0.26
67.970 -0.044 4.91 1.32
67.709 -44.954 5.07 -0.19
68.462 14.844 4.65 0.25
68.548 -8.231 5.11 1.70
68.549 -8.970 5.26 1.47
68.377 -29.767 4.51 0.98
69.172 41.265 4.25 1.22
68.980 16.509 0.85 1.54
68.914 10.161 4.25 0.18
69.080 -3.353 3.93 -0.21
68.887 -30.562 3.82 0.98
68.499 -55.045 3.27 -0.10
69.992 53.473 5.35 0.32
69.978 53.080 5.05 1.07
69.307 0.998 5.31 -0.12
69.540 12.511 4.27 0.12
69.400 -2.473 5.23 0.28
69.788 15.800 5.07 0.15
69.819 15.918 4.69 0.15
69.776 7.871 5.39 0.26
69.545 -14.304 3.87 1.09
69.723 -12.123 5.01 0.07
70.014 12.198 5.46 -0.12
69.832 -14.359 5.45 1.06
69.190 -62.078 5.40 1.58
70.726 43.365 5.29 0.00
70.110 -19.672 4.32 1.61
70.561 22.957 4.28 -0.13
70.140 -41.864 4.45 0.34
70.515 -37.144 5.05 0.37
71.108 11.146 5.40 0.25
72.001 56.757 5.30 0.25
70.693 -50.481 5.31 0.98
71.507 11.706 5.37 0.19
71.375 -3.255 4.02 -0.15
75.086 81.194 5.07 1.28
73.022 63.505 5.44 1.57
71.088 -59.733 5.27 0.20
72.477 37.488 4.88 1.44
73.513 66.343 4.29 0.03
72.460 6.961 3.19 0.45
72.653 8.900 4.36 0.01
72.844 18.840 5.10 0.21
72.548 -16.217 5.03 0.98
73.158 36.703 4.78 1.41
72.802 5.605 3.69 -0.17
73.133 14.251 4.74 1.84
73.224 -5.453 4.39 0.25
73.345 2.508 5.33 1.64
73.563 2.441 3.72 -0.18
74.322 53.752 4.47 -0.02
73.695 11.426 5.19 0.12
73.724 10.151 4.65 0.09
73.699 7.779 5.33 1.22
74.248 33.166 2.69 1.53
74.093 13.514 4.07 1.15
74.343 17.154 5.48 1.31
74.814 37.890 4.94 0.04
74.637 1.714 4.47 1.40
75.855 60.442 4.03 0.92
75.492 43.823 2.99 0.54
74.960 -10.263 5.38 0.80
74.983 -12.537 4.79 0.26
75.620 41.076 3.75 1.22
75.360 -7.174 4.81 -0.19
75.774 21.590 4.64 0.16
75.357 -20.052 4.91 -0.05
76.535 58.973 5.08 -0.08
75.541 -26.275 5.02 1.07
73.797 -74.937 5.47 1.52
76.669 51.598 5.00 0.33
76.142 15.404 4.68 -0.06
76.629 41.234 3.17 -0.18
78.093 73.947 5.43 -0.12
75.702 -49.151 5.38 0.42
76.102 -35.483 4.55 1.20
76.365 -22.371 3.19 1.46
76.862 18.645 5.00 0.65
76.690 -4.655 5.12 -0.06
76.952 20.418 5.30 0.09
77.028 24.265 5.50 0.06
76.242 -49.578 5.03 1.49
76.970 8.498 5.34 0.33
76.963 -5.086 2.79 0.13
77.332 9.829 5.43 0.24
77.182 -4.456 5.12 0.44
76.377 -57.473 4.72 0.52
77.425 15.597 4.82 0.32
75.679 -71.314 5.31 1.00
77.287 -8.754 4.27 -0.19
77.923 16.046 5.18 1.49
80.640 79.231 5.05 0.47
78.357 38.484 4.86 0.18
76.892 -63.400 5.20 1.65
78.075 -11.869 4.45 -0.10
78.323 2.861 4.46 1.19
78.233 -16.206 3.31 -0.11
78.308 -12.941 4.36 -0.10
78.852 32.688 5.02 0.23
79.172 45.998 0.08 0.80
78.684 5.156 5.50 1.37
78.635 -8.202 0.12 -0.03
79.566 42.792 5.48 1.65
78.851 -26.943 5.07 -0.10
79.545 33.372 4.54 1.27
79.785 40.099 4.71 0.63
79.750 33.748 5.41 -0.19
79.402 -6.844 3.60 -0.11
79.418 -13.520 5.50 0.93
79.819 22.096 4.94 0.93
80.004 33.958 5.03 0.27
79.371 -34.895 4.83 1.00
78.439 -67.185 4.83 1.28
79.797 2.596 5.34 0.41
80.452 41.804 5.23 -0.15
80.866 57.544 5.28 -0.03
79.894 -13.177 4.29 -0.26
79.996 -12.316 5.30 -0.12
80.112 -21.239 4.71 -0.05
80.440 -0.382 4.73 -0.17
79.842 -50.606 5.45 0.51
80.708 3.544 5.00 -0.15
80.442 -24.773 5.06 0.67
81.163 37.386 4.99 1.42
81.106 17.383 4.99 0.53
80.876 -13.927 5.25 -0.21
80.987 -7.808 4.14 0.96
81.120 -0.891 5.08 0.96
81.119 -2.397 3.36 -0.17
81.187 1.846 4.95 -0.20
81.283 6.350 1.64 -0.22
81.573 28.608 1.65 -0.13
82.543 63.067 5.42 1.71
81.912 34.476 5.07 1.40
81.792 17.962 5.42 -0.10
81.909 21.937 4.88 -0.15
81.709 3.096 4.59 -0.21
81.940 15.874 5.50 0.01
82.319 25.151 5.47 -0.04
82.061 -20.759 2.84 0.82
82.433 -1.092 4.71 1.57
81.580 -58.913 5.14 1.00
82.696 5.948 4.20 -0.14
82.810 3.292 5.46 -0.18
83.182 32.192 4.76 0.34
83.053 18.594 4.38 2.07
83.059 17.058 5.46 -0.04
83.002 -0.299 2.23 -0.22
82.983 -7.301 4.62 -0.26
82.540 -47.078 5.46 0.62
83.172 -1.592 5.35 -0.19
82.803 -35.471 3.87 1.14
83.182 -17.822 2.58 0.21
83.381 -1.156 5.34 -0.18
83.570 3.767 5.36 0.05
83.863 24.039 5.38 -0.09
83.705 9.489 4.41 -0.16
83.214 -38.513 5.48 1.22
83.785 9.934 3.54 -0.18
83.761 -6.002 4.78 -0.25
83.847 -4.838 4.59 -0.19
83.819 -5.390 5.13 0.02
83.845 -5.416 5.08 -0.09
83.858 -5.910 2.77 -0.24
83.915 -4.856 5.26 0.24
84.053 -1.202 1.70 -0.19
84.226 9.291 4.09 0.95
84.411 21.142 3.00 -0.19
84.659 30.492 5.40 0.45
83.248 -64.228 5.34 1.04
83.406 -62.490 3.76 0.82
84.934 25.897 5.18 -0.15
84.687 -2.600 3.81 -0.24
84.796 4.121 4.57 -0.11
84.436 -28.689 5.31 0.46
84.721 -7.213 4.80 0.13
85.324 16.534 4.86 -0.13
85.190 -1.943 2.05 -0.21
85.190 -1.943 4.21 0.60
85.211 -1.129 4.95 -0.21
82.970 -76.341 5.19 1.13
84.912 -34.074 2.64 -0.12
84.958 -32.629 5.45 0.92
85.619 1.475 4.91 1.17
86.475 49.826 5.47 0.03
85.563 -34.668 5.29 -0.05
86.116 -22.448 3.60 0.47
86.859 17.729 5.49 0.30
86.929 13.900 5.29 -0.17
87.294 39.181 4.52 0.94
86.500 -32.306 5.17 -0.28
86.739 -14.822 3.55 0.10
87.001 6.454 5.27 0.23
87.254 24.567 4.86 1.01
86.939 -9.670 2.06 -0.17
86.614 -46.597 5.31 1.04
87.387 12.651 4.91 -0.07
87.760 37.306 4.74 1.62
87.873 39.149 3.97 1.13
86.193 -65.736 4.35 0.21
86.821 -51.066 3.85 0.17
87.402 -14.484 5.49 0.88
88.741 59.888 5.20 0.02
88.712 55.707 4.99 0.05
87.842 -7.518 5.35 -0.20
88.332 27.612 4.58 -0.02
87.830 -20.879 3.81 0.99
88.110 1.855 4.78 1.38
87.740 -35.768 3.12 1.16
87.457 -56.167 4.51 1.10
88.595 20.276 4.41 0.59
87.722 -52.109 5.17 0.99
88.279 -33.801 4.87 -0.15
88.793 7.407 0.50 1.85
88.955 20.175 5.40 0.99
87.473 -66.901 5.11 -0.14
89.882 54.285 3.72 1.00
89.499 25.954 4.82 -0.06
89.101 -14.168 3.71 0.33
88.875 -37.121 4.97 1.11
89.882 44.947 1.90 0.03
89.984 45.937 4.26 1.72
89.087 -31.383 5.50 0.60
88.709 -52.635 5.29 0.31
89.930 37.213 2.62 -0.08
88.525 -63.090 4.65 1.05
89.707 0.553 5.22 0.01
89.384 -35.283 4.36 -0.18
89.768 -9.558 5.03 0.19
90.014 -3.074 4.53 1.22
89.787 -42.815 3.96 1.14
90.596 9.647 4.12 0.16
87.570 -79.361 5.47 -0.08
90.460 -10.598 4.95 -0.12
90.864 19.691 5.14 -0.11
91.030 23.263 4.16 0.82
90.980 20.138 4.63 0.28
90.815 -26.284 5.04 1.34
91.056 -6.709 5.21 -0.06
91.646 38.483 5.36 0.25
91.246 -16.484 4.93 0.24
92.496 58.936 5.36 1.09
91.661 -4.194 5.38 -0.13
91.539 -14.935 4.67 0.05
91.893 14.768 4.42 -0.17
91.633 -23.111 5.47 0.08
93.213 65.718 5.32 1.34
91.923 -19.166 5.31 1.68
91.882 -37.253 5.02 -0.11
92.241 -22.428 5.50 -0.01
91.970 -42.154 5.50 0.00
91.764 -62.155 5.05 1.25
93.014 16.131 4.95 -0.14
92.985 14.209 4.48 -0.18
93.919 59.999 5.35 1.34
92.966 -6.550 5.05 -0.20
94.712 69.320 4.80 0.03
92.575 -54.969 4.81 -0.23
94.478 61.515 4.98 1.83
93.719 22.507 3.28 1.60
93.845 29.498 4.35 1.02
93.712 19.156 5.20 0.44
92.184 -68.843 5.06 -0.08
93.855 16.143 5.30 -0.14
93.714 -6.275 3.98 1.32
93.938 12.551 5.33 -0.02
94.906 59.011 4.48 0.01
94.111 12.272 5.04 0.42
93.937 -13.718 5.01 -0.08
92.812 -65.589 5.01 1.62
94.277 9.943 5.39 0.10
94.138 -35.141 4.37 1.00
94.424 -16.816 5.14 1.30
92.560 -74.753 5.09 0.72
95.442 53.452 5.36 0.43
94.711 -9.390 5.36 1.24
94.928 -7.823 5.27 -0.19
94.998 -2.944 4.90 1.60
95.078 -30.063 3.02 -0.19
95.740 22.514 2.88 1.64
96.225 49.288 4.91 1.97
96.704 58.417 5.21 1.53
95.675 -17.956 1.98 -0.23
95.528 -33.436 3.85 0.88
95.942 4.593 4.44 0.18
96.043 -11.530 5.22 1.24
95.988 -52.696 -0.72 0.15
96.808 0.299 5.20 1.18
97.241 20.212 4.15 -0.13
96.990 -4.762 5.06 -0.17
97.204 -7.033 4.60 -0.10
97.206 -7.034 5.40 -0.07
97.042 -32.580 4.48 -0.17
97.951 11.544 5.23 0.15
96.369 -69.690 5.38 0.97
97.846 -12.392 5.15 1.27
97.959 -8.158 5.43 1.38
97.455 -50.239 5.27 0.41
98.226 7.333 4.50 0.00
97.964 -23.418 4.33 -0.24
97.369 -56.853 5.22 1.09
98.408 -1.220 5.10 -0.14
98.800 28.022 5.27 -0.03
98.089 -37.697 5.24 1.00
101.559 79.565 5.45 0.50
99.137 38.445 5.29 2.61
98.456 -36.232 5.42 1.44
98.764 -22.965 4.54 -0.05
99.705 39.902 5.20 -0.07
99.428 16.399 1.93 0.00
99.833 42.489 4.79 1.23
99.171 -19.256 3.95 1.06
98.744 -52.976 4.39 -0.02
99.473 -18.238 4.43 1.15
99.448 -32.340 5.27 1.18
99.820 -14.146 4.82 1.50
99.440 -43.196 3.17 -0.11
100.245 9.896 4.66 -0.25
100.771 44.524 5.02 1.48
99.657 -48.220 4.93 0.87
100.601 17.645 5.21 0.06
100.485 -9.167 5.19 1.53
101.559 59.442 4.87 0.08
100.983 25.131 2.98 1.40
101.706 57.169 5.35 0.96
100.997 13.228 4.49 1.16
101.190 28.971 5.44 1.45
101.685 43.578 5.25 0.56
101.322 12.896 3.36 0.43
101.915 48.789 5.22 1.12
102.738 67.572 5.14 -0.17
101.287 -16.716 -1.46 0.00
101.118 -31.071 5.20 -0.12
101.497 -14.796 5.32 0.07
101.832 8.037 4.77 1.40
101.713 -14.426 5.29 -0.04
101.965 2.412 4.47 1.11
101.905 -8.998 5.07 1.80
103.426 68.888 5.12 -0.13
102.691 41.781 5.02 1.27
101.839 -37.930 5.26 -0.08
103.271 59.449 5.33 0.65
102.241 -15.145 5.39 -0.10
101.720 -51.266 5.40 1.34
105.017 76.978 4.55 1.36
102.887 21.761 5.27 -0.02
102.460 -32.509 3.96 -0.23
103.197 33.961 3.60 0.10
102.477 -46.615 5.14 0.45
102.718 -34.367 4.99 1.38
102.047 -61.941 3.27 0.21
102.484 -50.615 2.93 1.20
102.464 -53.622 4.40 0.92
104.319 58.422 4.35 0.85
103.661 13.178 4.65 0.30
103.387 -20.224 4.83 -0.21
103.603 -1.127 5.45 0.18
103.548 -12.039 4.07 1.43
103.533 -24.184 3.87 1.73
104.405 45.094 4.90 0.03
103.906 -20.136 4.68 0.37
104.028 -14.044 5.00 1.18
103.945 -22.941 5.30 -0.18
104.034 -17.054 4.37 -0.07
102.862 -70.963 5.40 -0.11
104.391 -24.631 5.46 0.36
104.067 -48.721 4.95 1.69
115.127 87.020 5.07 1.63
104.656 -28.972 1.50 -0.21
104.605 -34.112 5.06 -0.16
105.603 24.215 5.18 0.94
105.485 -5.722 5.20 1.68
105.430 -27.935 3.47 1.73
105.728 -4.239 4.99 -0.20
105.908 10.952 5.13 1.39
106.027 20.570 3.79 0.79
105.215 -51.402 5.14 1.61
105.756 -23.833 3.02 -0.08
105.940 -15.633 4.12 -0.12
104.960 -67.916 5.17 1.40
106.012 -42.337 5.20 0.20
105.974 -49.584 4.93 0.13
105.815 -59.178 5.50 -0.11
106.670 -11.294 5.39 0.05
106.076 -56.750 5.17 -0.04
107.092 15.931 5.44 1.03
104.143 -79.420 5.45 0.05
107.098 -26.393 1.84 0.68
107.914 39.321 4.90 1.45
107.785 30.245 4.41 1.26
107.557 -4.237 4.92 1.03
107.213 -39.656 4.83 -0.18
108.347 51.429 5.47 1.67
107.848 -0.302 5.45 0.29
107.581 -27.491 5.46 1.00
107.966 -0.493 4.15 -0.01
108.979 59.638 5.20 1.07
108.343 16.159 5.00 1.66
107.698 -48.932 5.14 1.24
108.066 -40.499 5.31 0.06
108.583 3.111 5.35 1.19
107.187 -70.499 3.78 1.04
108.140 -46.759 4.49 0.32
112.768 82.411 4.96 1.66
108.563 -26.353 4.66 -0.19
108.306 -45.183 4.89 -0.02
108.385 -44.640 5.10 1.56
108.703 -26.773 3.85 -0.17
109.633 49.465 5.05 0.08
108.838 -30.686 5.36 -0.17
109.060 -15.586 5.46 0.08
108.659 -48.272 4.76 -0.10
109.523 16.540 3.58 0.11
109.153 -23.316 4.79 1.71
109.146 -27.881 4.64 1.60
109.206 -36.593 5.03 -0.17
109.286 -37.098 2.70 1.62
110.031 21.982 3.53 0.34
109.668 -24.559 4.98 -0.15
109.677 -24.954 4.40 -0.15
110.717 55.281 5.45 0.60
109.713 -26.586 5.28 0.96
109.577 -36.734 4.66 -0.10
109.659 -36.743 5.11 -0.16
109.640 -39.210 5.25 0.01
110.511 36.761 5.13 1.08
110.487 20.444 5.10 1.52
110.242 -14.360 5.45 0.98
109.207 -67.957 3.98 0.79
111.035 40.672 5.19 1.23
110.869 25.051 5.03 0.90
110.556 -19.017 4.96 -0.04
110.161 -52.086 5.39 -0.07
111.678 49.211 4.64 -0.02
110.753 -31.924 5.43 -0.15
111.243 11.670 5.30 0.10
111.432 27.798 3.79 1.03
110.871 -27.834 5.38 1.53
110.883 -32.202 5.39 -0.18
111.167 -16.201 5.33 -0.05
111.024 -29.303 2.45 -0.08
111.412 9.276 4.99 1.01
111.183 -31.809 5.35 1.07
111.788 8.289 2.90 -0.09
111.935 21.445 5.22 0.39
112.483 49.672 5.36 0.45
112.009 6.942 5.25 0.22
112.278 31.784 4.18 0.32
112.041 8.926 4.32 1.43
112.335 28.118 5.05 0.11
112.453 27.916 5.01 1.11
111.591 -51.018 5.10 1.06
112.449 12.007 4.54 1.28
112.464 -23.024 4.85 0.23
112.274 -38.812 5.43 -0.16
112.952 17.086 5.42 1.13
112.308 -43.301 3.25 1.51
113.025 1.914 5.25 0.22
112.677 -30.962 4.65 0.93
113.402 15.827 5.25 0.05
113.650 31.889 2.88 0.04
113.650 31.888 1.98 0.03
113.786 30.961 5.33 1.01
113.450 -14.524 4.97 1.41
113.980 26.896 4.06 1.54
113.513 -22.296 4.45 0.51
113.845 -28.369 4.64 -0.11
114.320 -4.111 5.13 0.44
114.791 34.584 4.90 0.40
113.915 -52.534 4.94 1.40
114.342 -34.969 4.53 -0.09
114.869 17.675 5.05 1.56
114.825 5.225 0.38 0.42
114.575 -25.365 4.70 -0.11
115.752 58.710 4.99 0.08
114.705 -26.802 4.50 -0.17
114.707 -26.804 4.62 0.60
115.097 -15.264 4.94 1.56
114.864 -38.308 4.84 -0.19
116.017 50.434 5.27 0.00
115.312 -9.551 3.93 1.02
115.828 28.884 4.28 1.12
115.316 -38.534 5.42 -0.15
116.029 25.784 5.31 1.54
116.112 24.398 3.57 0.93
116.329 28.026 1.14 1.00
115.885 -28.411 4.59 1.63
115.952 -28.955 3.96 0.18
115.738 -45.173 5.06 0.78
116.664 37.517 5.18 1.58
115.925 -40.934 5.17 1.10
116.531 18.510 4.88 1.45
116.567 10.768 5.30 0.01
116.876 33.416 5.14 1.60
116.509 -6.772 5.49 1.38
116.487 -14.564 5.04 0.33
116.314 -37.969 3.61 1.73
116.396 -34.173 5.37 0.60
115.455 -72.606 3.95 1.04
116.986 -12.193 5.48 0.48
117.022 -25.937 4.50 -0.05
116.854 -38.511 5.08 -0.10
116.881 -46.609 5.23 -0.14
117.257 -24.912 5.33 0.76
117.422 -17.228 5.18 1.28
117.324 -24.860 3.34 1.24
117.085 -47.078 4.71 1.06
117.310 -46.373 4.11 -0.18
117.925 1.767 5.14 -0.12
117.943 -13.898 5.17 0.60
118.678 47.565 5.45 1.46
118.374 26.766 4.97 0.09
120.049 73.918 5.41 1.42
118.065 -34.705 5.01 0.44
118.054 -40.576 3.73 1.04
121.196 79.480 5.42 -0.06
118.161 -38.863 4.49 -0.19
118.265 -36.364 5.43 1.16
118.916 19.884 5.35 -0.04
118.265 -49.613 4.63 -0.23
118.326 -48.103 4.24 -0.14
118.546 -35.877 5.49 -0.19
119.215 -22.880 4.20 0.72
119.586 2.225 5.29 0.92
119.417 -30.335 4.79 0.15
119.241 -43.500 5.35 -0.18
119.327 -44.110 5.09 -0.17
119.195 -52.982 3.47 -0.18
119.466 -45.578 5.17 1.27
119.934 -3.680 4.93 1.21
119.774 -23.311 5.11 1.12
119.560 -49.245 4.41 -0.17
119.967 -18.399 4.61 0.08
119.868 -39.297 5.24 0.39
120.305 -1.393 4.68 1.49
120.566 2.334 4.39 1.25
120.880 27.794 4.94 1.12
119.907 -60.587 5.17 1.74
120.083 -63.568 4.82 -0.17
121.269 13.118 5.12 0.01
120.896 -40.003 2.25 -0.26
121.067 -32.675 5.31 1.91
122.114 51.507 4.84 0.05
121.941 21.582 5.30 0.63
123.203 68.474 5.32 1.04
121.825 -20.555 5.38 0.10
121.886 -24.304 2.81 0.43
121.668 -45.266 5.05 1.50
122.148 -2.984 4.34 0.97
122.257 -19.245 4.40 -0.15
122.400 -44.123 5.21 -0.19
122.372 -47.346 4.27 -0.23
122.383 -47.337 1.78 -0.22
122.818 -12.927 4.72 0.95
122.888 -7.772 5.36 0.89
122.430 -47.938 5.23 -0.21
122.253 -61.302 4.76 0.43
121.983 -68.617 4.35 -0.11
122.840 -39.619 4.45 1.62
122.858 -42.987 4.75 0.18
123.333 -15.788 4.99 1.07
123.373 -35.900 4.78 -0.11
123.493 -36.323 5.08 -0.19
123.512 -40.348 4.44 1.17
123.401 -46.992 5.13 -0.14
124.129 9.186 3.52 1.48
123.816 -62.916 5.16 0.09
125.016 27.218 5.14 0.47
124.639 -36.659 4.45 0.22
125.709 43.188 4.25 1.55
124.579 -65.613 5.07 1.15
125.346 -33.054 4.83 1.45
125.337 -36.484 5.20 -0.19
125.632 -48.490 4.82 -0.15
124.954 -71.515 5.37 -0.06
126.478 7.564 5.13 0.94
125.628 -59.510 1.86 1.28
126.415 -3.906 3.90 -0.02
126.265 -24.046 5.28 1.48
124.632 -76.920 4.07 0.39
126.683 12.654 5.50 1.60
127.566 60.718 3.36 0.84
126.466 -42.153 5.47 -0.15
126.379 -51.728 5.17 -0.16
125.518 -73.400 5.29 0.01
125.160 -77.484 4.35 1.16
126.434 -66.137 3.77 1.13
126.902 -53.089 5.09 0.25
128.651 65.145 5.47 0.18
127.899 18.094 5.35 1.56
127.270 -47.929 5.33 -0.14
127.365 -44.725 4.99 -0.16
128.177 20.441 5.33 1.25
127.879 -19.578 5.42 -0.06
130.053 64.328 4.60 1.17
128.682 -49.944 5.01 1.33
129.414 5.704 4.16 0.00
128.832 -58.009 4.86 1.00
128.814 -58.225 5.26 -0.14
129.689 3.341 4.44 1.21
129.468 -26.255 5.27 -0.04
130.255 45.834 5.37 0.99
129.411 -42.989 4.14 0.11
129.783 -22.662 5.05 0.73
130.006 -12.475 4.98 1.42
129.328 -62.854 5.47 1.02
129.927 -29.561 4.89 0.90
130.026 -35.308 3.97 0.94
130.080 -40.264 5.20 -0.01
129.849 -53.440 5.48 -0.16
130.430 -15.943 4.88 1.06
129.990 -53.055 5.19 -0.14
130.157 -46.649 3.84 0.71
130.073 -52.922 3.62 -0.18
130.821 21.469 4.66 0.02
130.305 -47.317 4.77 0.12
130.806 3.399 4.30 -0.20
130.487 -45.411 5.23 0.21
130.154 -59.761 4.33 -0.11
130.918 -7.234 4.62 0.84
129.772 -70.387 5.20 0.01
131.171 18.154 3.94 1.08
130.606 -53.114 4.86 -0.17
130.898 -33.186 3.68 -0.18
131.674 28.760 4.02 1.01
130.918 -49.823 5.16 -0.20
131.100 -42.649 4.07 0.87
131.694 6.419 3.38 0.68
131.594 -13.548 4.32 0.90
131.176 -54.708 1.96 0.04
131.812 -1.897 5.29 0.04
131.507 -46.042 3.91 0.00
132.108 5.838 4.36 -0.04
131.627 -45.913 5.46 0.27
131.677 -56.770 4.49 -0.17
132.340 -3.443 5.31 -0.09
130.331 -78.963 5.47 -0.10
132.987 43.727 5.15 0.98
132.465 -32.781 5.21 0.87
132.413 -40.321 5.48 0.06
132.633 -27.710 4.01 1.27
132.449 -45.308 4.93 0.05
132.640 -46.529 5.10 -0.21
133.561 30.579 5.39 1.05
132.645 -66.793 5.35 0.42
133.915 27.928 5.22 1.00
133.848 5.946 3.11 1.00
133.982 11.626 5.41 1.46
133.461 -47.521 5.33 0.26
134.236 32.910 5.45 0.12
133.881 -27.682 4.89 0.11
134.312 15.323 5.20 0.15
134.802 48.042 3.14 0.19
133.762 -60.645 3.84 -0.10
134.622 11.858 4.25 0.14
134.081 -52.724 4.69 -0.12
134.886 32.419 5.20 0.93
135.636 67.630 4.76 1.53
135.160 41.783 3.97 0.44
134.243 -59.229 4.92 -0.19
134.718 -47.235 5.18 0.25
135.023 -41.254 4.45 0.65
135.906 47.157 3.60 0.00
135.685 24.453 5.45 -0.04
134.850 -59.084 5.16 0.42
135.436 -52.188 5.23 -0.12
137.098 66.873 5.14 1.51
136.632 38.452 4.56 1.04
136.493 5.092 4.97 1.22
136.039 -47.098 3.75 1.20
135.612 -66.396 4.00 0.14
137.597 67.135 4.80 0.49
137.218 51.605 4.48 0.27
137.000 29.654 5.43 0.89
136.937 10.668 5.24 -0.11
137.730 63.514 4.67 0.35
137.340 22.046 5.14 0.97
137.012 -25.858 4.58 1.59
136.999 -43.432 2.21 1.66
137.398 -8.788 5.46 1.01
136.410 -70.539 4.71 -0.15
136.287 -72.603 4.48 0.61
138.586 61.423 5.13 0.58
138.451 43.218 5.32 -0.14
137.768 -44.868 5.00 0.23
137.742 -58.967 3.44 -0.19
138.958 56.741 5.27 1.56
139.047 54.022 4.83 0.19
137.819 -62.317 3.97 -0.18
138.591 2.314 3.88 -0.06
138.808 14.941 5.34 1.32
138.602 -43.227 5.25 -0.14
134.171 -85.663 5.42 0.31
138.575 -55.570 5.27 0.99
139.174 -6.353 5.24 1.17
138.903 -38.570 4.94 1.11
139.172 -8.745 5.47 -0.09
138.938 -37.413 4.62 0.45
138.300 -69.717 1.68 0.00
139.711 36.802 3.82 0.06
139.096 -44.266 5.12 1.67
139.238 -39.401 5.33 1.17
139.051 -57.541 4.34 1.63
140.430 56.699 5.47 1.61
139.273 -59.275 2.25 0.18
139.524 -51.051 5.26 -0.07
140.264 34.392 3.13 1.55
139.943 -11.975 4.79 0.93
140.121 -9.556 4.80 0.93
139.322 -68.689 5.39 0.42
140.373 -25.966 4.72 1.63
139.356 -74.894 5.29 0.02
140.237 -62.405 4.81 0.94
141.164 26.182 4.46 1.23
140.801 -28.834 4.69 0.92
140.528 -55.011 2.50 -0.18
142.167 45.601 5.41 0.98
141.897 -8.659 1.98 1.44
141.827 -22.344 4.69 1.14
141.945 -6.071 5.38 0.64
144.272 81.326 4.29 1.48
141.575 -53.379 5.11 -0.11
142.115 9.057 5.41 0.60
142.882 63.062 3.67 0.33
142.287 -2.769 4.60 0.46
142.311 -35.951 4.51 1.44
142.885 35.103 5.37 1.53
142.477 -26.590 5.48 1.36
143.620 69.830 4.56 0.77
142.930 22.968 4.31 1.54
143.214 51.677 3.17 0.46
141.777 -71.602 5.47 1.08
142.990 9.716 5.07 1.37
142.986 11.300 4.97 1.05
142.522 -51.517 5.45 -0.10
142.675 -40.467 3.60 0.36
142.995 -1.185 4.57 0.10
141.038 -80.787 5.36 0.45
143.706 52.051 4.50 0.01
143.556 36.398 4.55 0.92
142.805 -57.034 3.13 1.55
143.080 -40.649 5.35 0.90
143.302 -21.116 5.01 1.02
143.766 39.621 4.81 0.99
143.915 35.810 5.41 0.77
143.435 -49.005 5.12 -0.12
143.537 -51.255 5.01 -0.18
142.901 -73.081 5.47 1.56
143.611 -59.229 4.08 0.01
144.303 6.836 5.00 1.05
144.590 40.240 5.25 0.22
144.614 4.649 4.68 1.32
144.207 -49.355 4.35 0.17
145.738 72.252 5.17 1.04
144.301 -53.669 5.45 0.15
144.506 -43.191 5.50 1.00
144.964 -1.143 3.91 1.32
145.077 -14.332 5.06 -0.15
145.287 9.892 3.52 0.49
144.838 -61.328 4.52 -0.07
145.321 -23.592 4.77 -0.12
143.472 -80.941 5.11 -0.14
145.560 -23.916 4.94 0.53
145.177 -57.984 5.32 0.20
145.933 14.022 5.35 1.63
146.632 57.128 5.20 1.62
146.050 -27.769 4.79 0.51
146.463 23.774 2.98 0.80
147.148 46.021 5.09 0.62
146.312 -62.508 3.69 1.22
147.748 59.039 3.80 0.29
146.775 -65.072 3.01 0.28
148.027 54.064 4.59 0.03
147.488 -45.733 5.08 -0.10
147.971 24.395 5.32 0.23
146.586 -76.776 5.45 0.89
147.870 -14.847 4.12 0.92
148.191 26.007 3.88 1.22
148.127 -8.105 5.05 0.04
147.920 -46.548 4.58 1.20
148.929 49.820 5.27 0.07
148.551 -25.933 4.88 1.23
148.718 -19.009 4.94 1.57
149.421 41.056 5.14 0.46
149.556 12.445 5.26 -0.04
149.965 56.812 5.48 1.46
149.216 -54.568 3.54 -0.08
149.718 -35.891 5.23 0.31
150.053 8.044 4.70 1.60
150.253 31.924 5.36 0.66
151.281 -13.065 4.60 -0.09
151.858 35.245 4.48 0.18
151.833 16.763 3.52 -0.03
151.547 -47.370 5.08 0.88
151.976 9.997 4.37 1.45
151.985 -0.372 4.49 -0.04
152.093 11.967 1.35 -0.11
152.235 -51.811 4.86 -0.12
152.525 -12.816 5.31 0.36
152.647 -12.354 3.61 1.01
152.178 -65.815 5.28 0.98
153.345 -51.233 5.28 0.25
153.684 -42.122 3.85 0.05
154.060 29.311 5.35 0.01
153.377 -66.373 5.16 0.21
154.173 23.417 3.44 0.31
154.274 42.914 3.45 0.03
154.170 13.728 5.41 1.61
153.434 -70.038 3.32 -0.08
154.407 -8.069 5.24 0.31
154.532 -28.992 5.34 0.24
154.271 -61.332 3.40 1.54
154.934 19.471 4.79 0.45
154.993 19.842 2.61 1.15
154.994 19.841 3.80 0.60
157.423 84.252 5.50 0.60
154.903 -55.029 4.57 1.62
155.582 41.499 3.05 1.59
156.033 65.566 4.97 -0.06
155.228 -56.043 4.50 -0.12
155.582 -41.650 4.83 1.12
156.036 33.719 5.50 1.18
157.769 82.559 5.26 0.37
155.872 -38.010 5.33 0.25
155.742 -66.902 4.99 -0.13
156.479 33.796 4.74 0.25
156.523 -16.836 3.81 1.48
156.971 36.707 4.21 0.90
156.099 -74.032 4.00 0.35
156.788 -31.068 4.25 1.45
156.852 -57.639 4.66 0.51
157.657 55.981 4.84 0.52
156.970 -58.739 3.82 0.31
157.370 -2.739 5.21 -0.06
157.573 -0.637 5.09 -0.14
157.219 -64.172 5.29 1.86
158.773 75.713 4.84 0.96
158.049 14.137 5.46 1.68
158.308 40.426 4.75 0.23
158.203 9.307 3.85 -0.14
157.841 -53.716 4.89 0.50
157.584 -71.993 4.74 0.04
158.006 -61.685 3.32 -0.09
158.790 57.083 5.16 0.34
157.758 -73.222 4.93 1.68
158.237 -47.003 5.02 1.04
158.504 -23.745 5.08 1.60
158.700 6.954 5.08 0.94
158.804 -39.563 5.38 2.88
158.897 -57.558 4.45 1.62
159.307 -27.412 4.89 1.62
159.388 -13.384 4.82 2.68
159.085 -59.565 5.08 1.18
159.680 31.976 4.71 0.81
159.325 -48.226 3.84 0.30
159.362 -58.733 5.45 0.50
159.646 -16.877 4.91 0.92
158.867 -78.608 4.11 1.58
159.688 -59.183 4.66 1.48
160.486 65.716 5.12 1.20
159.827 -55.603 4.28 1.04
160.767 69.076 5.00 1.38
160.887 46.204 5.18 0.33
160.854 23.188 5.08 0.04
160.558 -64.466 4.82 -0.14
160.669 -59.216 5.38 0.26
160.739 -64.394 2.76 -0.22
160.884 -60.567 4.57 1.71
161.466 30.682 5.24 -0.06
161.029 -63.961 4.82 -0.13
161.602 18.891 5.49 1.12
161.605 14.195 5.48 0.91
161.717 -17.297 5.42 0.11
161.692 -49.420 2.69 0.90
161.569 -64.515 5.34 -0.10
161.624 -64.263 5.23 -0.07
161.740 -56.757 5.23 -0.08
161.713 -64.383 4.85 -0.15
162.314 10.545 5.34 0.03
161.315 -80.470 5.47 0.95
162.406 -16.194 3.11 1.25
161.445 -80.540 4.45 -0.19
163.394 54.585 5.10 1.36
163.328 34.215 3.83 1.04
163.495 43.190 4.71 -0.05
163.129 -57.241 5.25 0.16
163.373 -20.139 5.24 0.47
163.432 -2.129 5.45 0.96
163.373 -58.853 3.78 0.95
163.935 33.507 5.03 1.10
163.903 24.750 4.50 0.01
164.180 -37.138 4.60 1.03
164.867 40.430 5.05 0.61
165.061 45.526 5.47 1.47
164.944 -18.299 4.08 1.09
165.210 39.212 5.08 0.24
165.140 3.618 4.84 1.16
165.039 -42.226 4.39 0.11
165.187 6.101 4.99 0.16
165.460 56.383 2.37 -0.02
165.457 -2.485 4.74 1.62
165.582 20.180 4.42 0.05
165.932 61.751 1.79 1.07
165.812 -11.304 5.50 0.94
166.254 7.336 4.63 0.33
166.226 -35.805 5.43 0.03
166.333 -27.294 4.94 0.36
166.635 -62.424 4.61 1.03
166.819 -42.639 5.15 0.03
167.183 -28.081 5.44 0.07
167.416 44.499 3.01 1.14
167.147 -58.975 3.91 1.23
167.142 -61.947 5.13 0.22
167.915 -22.826 4.48 0.03
168.138 -49.101 5.36 0.18
168.150 -60.318 4.60 0.55
168.188 -64.170 5.23 -0.06
168.440 -0.070 5.42 -0.03
168.527 20.524 2.56 0.12
168.560 15.429 3.34 -0.01
168.801 23.096 4.63 1.66
168.966 13.308 5.32 1.20
169.165 -3.652 4.47 0.21
169.323 2.011 5.18 1.52
169.545 31.529 4.87 0.60
169.546 31.529 4.41 0.59
169.620 33.094 3.48 1.40
169.783 38.186 4.78 0.12
169.835 -14.779 3.56 1.12
170.284 6.029 4.05 -0.06
170.252 -54.491 3.89 -0.15
170.707 43.483 4.99 0.99
170.841 -18.780 5.09 0.42
170.803 -36.165 5.00 1.46
170.981 10.529 3.94 0.41
171.010 1.408 5.39 0.94
170.841 -64.955 5.11 -0.08
171.153 -10.859 4.83 1.56
171.220 -17.684 4.08 0.21
171.372 -36.063 5.22 0.99
171.430 -63.973 5.17 0.50
171.647 -61.115 5.30 -0.08
171.984 2.856 4.95 1.00
172.267 39.337 5.31 0.01
172.146 -42.674 5.08 -0.03
172.579 -3.004 4.77 1.54
172.851 69.331 3.84 1.62
173.087 61.083 5.48 0.50
172.942 -59.442 5.13 1.08
172.953 -59.516 5.15 0.49
173.225 -31.087 5.04 1.58
173.250 -31.858 3.54 0.94
173.405 -40.587 5.39 0.12
173.690 -54.264 4.62 -0.08
174.012 69.323 5.20 1.01
173.737 -49.137 5.50 1.04
173.982 -47.642 5.25 0.25
173.945 -63.020 3.13 -0.04
174.170 -9.802 4.70 -0.08
174.237 -0.824 4.30 1.00
174.252 -61.283 5.15 1.12
174.391 -47.747 5.44 1.24
174.615 8.134 5.36 1.57
174.530 -61.826 5.15 -0.02
174.667 -13.202 5.48 0.52
174.873 -65.398 5.17 0.80
175.053 -34.745 4.70 -0.07
175.196 21.353 5.26 0.98
175.262 34.202 5.33 0.72
175.223 -62.090 4.94 1.15
175.433 -32.500 5.22 1.48
175.618 66.745 5.30 1.28
175.880 -62.489 5.03 0.80
176.191 -18.351 4.73 0.97
176.321 8.258 4.85 0.18
176.465 6.529 4.03 1.51
176.512 47.779 3.71 1.18
176.433 -45.690 5.29 -0.12
176.402 -66.729 3.64 0.16
176.732 55.628 5.27 1.27
176.628 -61.178 4.11 0.90
176.630 -40.501 4.91 0.66
176.830 -57.696 5.41 1.67
176.996 20.219 4.53 0.55
176.979 8.246 5.32 0.02
177.060 -66.815 4.72 1.54
177.188 -26.750 5.11 1.60
177.265 14.572 2.14 0.09
177.421 -63.788 4.32 -0.15
177.486 -70.226 4.97 1.40
177.674 1.765 3.61 0.55
177.786 -45.174 4.46 1.30
177.963 -65.206 4.90 -0.11
178.228 -33.908 4.28 -0.10
178.457 53.695 2.44 0.00
178.677 -25.714 5.30 0.88
179.004 -17.151 5.18 -0.02
179.563 -56.317 5.44 -0.08
179.905 -78.222 4.91 -0.06
179.987 3.655 5.37 0.00
180.218 6.614 4.66 0.13
180.213 -19.659 5.26 -0.20
180.528 43.046 5.21 0.26
180.756 -63.313 4.33 0.27
180.915 -42.434 5.15 0.41
181.080 -63.166 4.72 -0.08
181.161 -68.329 5.35 -0.01
181.194 -76.519 5.04 1.49
181.302 8.733 4.12 0.98
181.720 -64.614 4.15 0.34
181.957 -75.367 5.18 1.30
182.022 -50.661 4.47 -0.15
182.061 -48.693 5.34 -0.01
182.090 -50.723 2.60 -0.12
182.103 -24.729 4.02 0.32
182.227 -41.231 5.48 -0.07
182.531 -22.620 3.00 1.33
182.766 -23.603 5.46 0.06
182.913 -52.369 3.96 -0.15
183.050 77.616 5.14 0.33
183.511 -45.724 5.31 1.43
183.786 -58.749 2.80 -0.23
183.857 57.032 3.31 0.08
183.952 -17.542 2.59 -0.11
184.001 14.899 5.10 0.06
184.085 23.945 4.95 0.97
184.125 33.061 5.00 1.14
184.392 -67.961 4.11 1.58
184.586 -79.312 4.26 -0.12
184.609 -64.003 4.04 -0.17
184.749 -55.143 5.00 1.59
184.708 75.161 5.38 -0.02
184.977 -0.667 3.89 0.02
184.953 48.984 5.29 1.66
185.088 3.312 4.96 1.16
185.140 -22.216 5.21 -0.10
185.179 17.793 4.74 1.01
185.232 -13.566 5.14 1.05
185.340 -60.401 3.59 1.42
185.530 -67.522 5.15 0.19
185.705 -57.676 5.39 -0.10
185.626 25.846 4.81 0.49
185.897 -35.413 5.32 -0.08
186.006 51.562 4.80 0.87
186.077 26.099 5.18 0.08
186.462 39.019 5.02 0.96
186.629 -63.123 4.86 -0.12
186.650 -63.099 1.33 -0.24
186.652 -63.099 1.73 -0.26
186.632 -51.451 4.82 -0.14
186.600 27.268 4.95 0.27
186.735 28.268 4.36 1.13
186.747 26.826 5.00 0.08
186.870 -58.992 5.50 1.45
187.010 -50.231 3.91 -0.19
187.094 -39.041 5.44 -0.08
187.228 25.913 5.29 -0.05
187.362 24.109 5.48 0.43
187.466 -16.516 2.95 -0.05
187.489 58.406 5.35 0.20
187.791 -57.113 1.63 1.59
187.528 69.201 4.95 1.62
187.753 24.567 5.46 0.05
187.918 -59.424 5.48 0.63
188.117 -72.133 3.87 -0.15
188.017 -16.196 4.31 0.38
188.445 -9.452 5.48 -0.03
188.412 33.248 5.42 1.00
188.435 41.358 4.26 0.59
188.597 -23.397 2.65 0.89
188.371 69.788 3.87 -0.13
188.713 22.629 4.81 0.00
188.783 18.377 5.02 1.15
188.940 -41.022 5.13 0.22
188.683 70.022 4.94 1.31
189.296 -69.136 2.69 -0.20
189.097 59.487 5.50 0.60
189.426 -48.541 3.86 0.05
189.426 -27.139 5.45 0.32
189.812 -7.996 4.66 1.23
189.780 21.062 5.46 0.96
189.969 -39.988 4.64 -0.08
190.379 -48.960 2.17 -0.01
190.486 -59.686 4.93 -0.04
190.415 -1.449 3.65 0.36
190.415 -1.449 3.68 0.60
190.471 10.236 4.88 0.09
190.710 -63.059 5.31 0.27
190.647 -48.813 4.66 1.09
191.002 -28.324 5.48 1.34
191.408 -60.981 4.69 1.05
191.570 -68.108 3.05 -0.18
191.283 45.440 4.99 2.54
191.405 7.673 5.22 0.33
191.595 -56.489 4.65 -0.16
191.661 16.578 5.12 1.35
191.930 -59.689 1.25 -0.23
191.893 66.790 5.43 1.56
193.744 -85.123 5.46 1.02
192.672 -33.999 4.91 -0.04
192.925 27.541 4.94 0.67
193.279 -48.943 4.33 1.37
193.359 -40.179 4.27 0.21
192.307 83.413 5.28 -0.03
193.324 21.245 4.90 0.90
193.663 -59.147 4.62 -0.15
193.648 -57.178 4.03 -0.17
193.653 -57.168 5.17 -0.12
193.588 -9.539 4.79 1.60
193.507 55.960 1.77 -0.02
193.831 -42.916 5.47 1.68
193.987 -56.836 5.32 0.01
193.901 3.397 3.38 1.58
194.268 -51.199 5.16 -0.06
194.007 38.318 2.90 -0.12
193.869 65.439 5.24 0.28
194.731 17.409 4.78 1.56
195.567 -71.549 3.62 1.18
195.069 30.785 4.90 1.17
194.980 66.597 5.32 1.29
195.183 56.366 4.93 0.36
195.544 10.959 2.83 0.94
195.888 -49.527 4.85 0.02
196.570 -48.464 4.71 -0.14
196.728 -49.906 4.27 -0.19
196.435 35.799 5.25 -0.08
196.795 27.625 4.80 1.48
196.974 -10.740 5.19 1.14
197.264 -23.118 4.95 1.05
197.488 -5.539 4.38 -0.01
197.497 17.529 5.22 0.45
197.497 17.529 5.22 0.60
197.847 -43.369 5.25 1.05
198.072 -59.921 4.60 -0.08
198.013 -37.803 4.85 0.70
198.015 -16.199 5.04 0.46
197.968 27.878 4.26 0.57
198.562 -59.103 4.92 0.48
198.812 -67.894 4.80 -0.08
198.545 -19.931 5.33 0.87
198.429 40.153 4.92 1.06
198.995 -19.943 5.22 1.03
199.304 -66.784 4.87 1.50
199.221 -31.506 5.10 0.96
199.194 9.424 5.22 0.59
199.315 13.676 5.33 1.31
199.401 5.470 4.80 1.67
199.385 40.573 4.73 0.30
199.601 -18.311 4.74 0.71
199.730 -23.172 3.00 0.92
199.560 49.682 5.15 -0.07
200.158 -52.748 5.48 -0.13
200.149 -36.712 2.75 0.04
200.658 -60.988 4.53 -0.13
201.002 -64.536 4.53 0.85
201.280 -74.888 5.05 1.11
200.755 -17.735 5.37 0.99
201.308 -64.485 5.31 0.40
200.981 54.925 2.27 0.02
200.985 54.922 3.95 0.13
201.298 -11.161 0.98 -0.23
201.533 -39.755 5.09 1.20
201.306 54.988 4.01 0.16
201.680 -12.708 5.25 1.52
201.863 -15.974 4.76 1.09
202.355 -51.165 5.06 0.07
202.107 13.779 4.98 0.71
202.428 -23.281 4.97 1.60
202.113 59.946 5.40 -0.01
202.761 -39.407 3.88 1.17
202.991 -6.256 4.69 1.62
203.242 -10.165 5.21 0.96
203.533 3.659 4.94 0.03
203.673 -0.596 3.37 0.11
203.699 37.182 4.98 0.40
203.614 49.016 4.70 0.12
204.365 36.295 4.82 0.23
204.972 -53.466 2.30 -0.22
204.296 71.242 5.50 1.20
205.505 -58.787 5.38 -0.03
205.436 -54.560 5.01 -0.05
204.877 52.921 5.46 0.10
205.403 -8.703 5.01 1.63
205.185 54.682 4.66 1.64
205.765 3.538 5.36 1.11
206.422 -33.044 4.23 0.38
206.664 -51.433 4.65 0.96
206.735 -36.252 5.15 -0.02
206.910 -50.321 5.45 1.36
206.856 -17.860 5.43 1.62
206.815 17.457 4.50 0.48
206.749 38.543 5.50 1.03
207.376 -41.688 3.41 -0.22
206.885 49.313 1.86 -0.19
207.361 -34.451 4.19 1.50
207.404 -42.474 3.04 -0.17
207.468 -18.134 4.97 1.06
207.369 15.798 4.07 1.52
207.428 21.264 4.91 1.43
208.020 -52.812 5.25 -0.09
207.957 -32.994 4.56 -0.13
207.948 34.444 4.74 1.66
208.302 -31.928 4.73 -0.14
207.858 64.723 4.65 1.58
208.885 -47.288 2.55 -0.22
208.675 -1.503 5.15 1.08
208.671 18.398 2.68 0.58
209.412 -63.687 4.71 1.11
209.142 27.492 5.01 1.42
209.568 -42.101 3.83 -0.21
209.670 -44.804 3.87 -0.20
209.630 -24.972 5.15 -0.10
210.431 -45.604 4.34 0.60
211.333 -76.797 5.50 1.55
210.412 1.544 4.26 0.10
210.595 -27.430 5.48 1.34
210.956 -60.373 0.61 -0.23
211.512 -41.180 4.36 -0.19
211.593 -26.683 3.27 1.12
211.671 -36.370 2.06 1.01
211.678 -9.313 5.46 0.34
211.097 64.376 3.65 -0.05
212.478 -53.439 4.75 0.94
211.982 43.854 5.27 1.59
212.072 49.458 5.25 1.65
212.710 -16.302 4.91 1.72
214.558 -81.008 4.91 0.25
212.600 25.092 4.83 0.54
213.192 -27.261 5.08 1.16
213.066 2.409 5.01 -0.12
213.224 -10.274 4.19 1.33
213.737 -57.086 5.07 -0.08
212.212 77.547 4.82 1.36
213.371 51.790 4.54 0.20
213.712 10.101 5.29 1.00
213.850 -18.201 5.43 -0.03
213.017 69.433 5.24 1.58
215.595 -80.109 5.06 -0.10
214.004 -6.001 4.08 0.52
216.729 -83.668 4.32 1.31
213.915 19.183 -0.04 1.23
214.965 -61.273 5.23 0.29
214.041 51.367 4.75 0.20
214.096 46.088 4.18 0.08
214.851 -46.058 3.55 -0.18
215.081 -56.387 4.33 0.12
214.778 -13.371 4.52 0.13
214.499 35.509 4.81 1.06
215.177 -45.187 4.77 0.31
214.818 13.004 5.41 0.38
214.885 -2.266 5.14 1.02
215.139 -37.885 4.05 -0.03
214.938 16.307 4.86 1.23
215.654 -58.459 4.92 0.86
215.759 -39.512 4.42 -0.18
215.774 -27.754 4.77 1.31
215.845 8.447 5.12 -0.02
216.203 -24.806 5.32 0.96
216.047 5.820 5.10 0.12
216.534 -45.221 4.56 -0.15
216.545 -45.379 4.35 0.43
216.299 51.851 4.05 0.50
216.614 19.227 5.39 0.23
217.043 -29.492 4.97 -0.07
217.050 -2.228 4.81 0.70
217.174 -6.901 5.42 1.49
217.536 -45.322 5.50 -0.08
217.587 -49.519 5.37 0.05
218.154 -50.457 4.42 -0.19
217.958 30.371 3.58 1.30
216.881 75.696 4.25 1.44
218.020 38.308 3.03 0.19
218.877 -42.158 2.31 -0.19
218.670 29.745 4.46 0.36
219.334 -46.134 5.41 1.01
219.472 -49.426 4.05 -0.15
219.900 -60.835 -0.01 0.71
219.900 -60.836 1.33 0.88
220.627 -64.975 3.19 0.24
219.709 44.404 5.39 0.00
220.482 -47.388 2.30 -0.20
221.965 -79.045 3.83 1.43
220.490 -37.794 4.00 -0.17
220.182 16.418 4.94 -0.03
220.287 13.728 4.83 0.60
220.287 13.728 4.43 0.05
220.412 8.162 4.86 1.00
221.322 -62.876 5.36 0.29
220.914 -35.174 4.05 1.35
220.765 -5.658 3.88 0.38
221.247 -35.192 4.92 0.01
220.856 26.528 4.81 1.66
221.755 -52.384 5.21 0.98
221.500 -25.443 4.94 0.35
221.310 16.964 4.60 0.98
221.247 27.075 5.12 0.60
221.247 27.074 2.70 0.97
221.562 1.893 3.72 -0.01
221.937 -26.087 5.24 0.94
222.330 -14.149 5.31 0.07
222.572 -27.960 4.41 1.40
222.910 -43.576 4.32 -0.15
222.672 -15.997 5.15 0.41
222.720 -16.042 2.75 0.15
222.754 -2.299 4.94 0.98
224.470 -76.663 5.34 1.45
222.623 37.272 5.48 1.02
223.213 -37.803 5.03 -0.16
222.847 19.101 4.55 0.76
223.894 -60.114 5.20 1.16
223.584 -24.642 5.30 1.32
224.183 -62.781 5.11 0.00
222.860 59.294 5.46 1.36
224.072 -52.810 5.38 0.13
223.936 -33.856 5.32 0.04
222.676 74.156 2.08 1.47
224.192 -11.410 5.46 1.49
224.296 -4.346 4.49 0.32
224.633 -43.134 2.68 -0.22
224.790 -42.104 3.13 -0.20
225.243 -8.519 4.92 0.00
224.396 65.933 4.60 1.59
226.201 -64.032 5.17 0.93
225.747 -32.643 5.44 -0.12
225.527 25.008 4.81 1.50
225.725 2.091 4.40 1.04
225.487 40.391 3.50 0.97
226.017 -25.282 3.29 1.70
226.280 -47.051 4.72 -0.14
226.280 -47.051 4.82 0.60
226.330 -41.067 5.15 1.01
226.111 26.948 4.54 1.24
225.948 47.654 4.76 0.65
226.657 -16.257 5.20 1.58
227.211 -45.280 4.05 -0.18
226.825 24.869 4.93 0.43
226.570 54.556 5.25 0.96
227.984 -48.738 3.87 -0.05
228.071 -52.099 3.41 0.92
228.206 -44.501 4.82 -0.17
228.055 -19.792 4.54 -0.08
228.655 -31.519 4.91 0.37
229.236 -60.958 5.09 -0.06
229.412 -63.611 4.86 1.25
229.017 -41.491 5.16 0.58
229.378 -58.801 4.07 0.09
229.728 -68.679 2.89 0.00
228.798 4.939 5.33 1.09
228.622 29.164 5.26 0.03
229.096 -22.399 5.50 1.38
229.704 -60.496 5.46 -0.10
228.876 33.315 3.47 0.95
229.633 -47.875 4.27 -0.08
229.252 -9.383 2.61 -0.11
229.458 -30.149 4.34 1.10
228.660 67.347 5.13 0.53
229.828 1.765 5.06 0.54
230.343 -40.648 3.22 -0.22
230.535 -47.928 5.00 0.50
230.845 -59.321 4.51 0.19
230.452 -36.261 3.56 1.54
230.670 -44.689 3.37 -0.18
230.258 0.715 5.35 1.19
230.789 -36.859 4.54 -0.15
229.275 71.824 5.02 1.37
230.453 32.934 5.37 -0.07
231.187 -39.710 5.37 -0.11
231.050 -10.322 4.94 0.44
231.334 -38.734 4.60 0.00
230.656 39.581 5.50 1.59
232.878 -73.389 5.49 -0.12
231.123 37.377 4.31 0.31
230.182 71.834 3.05 0.05
231.826 -36.768 5.45 -0.15
231.447 15.428 5.17 1.66
231.573 34.336 5.46 1.40
232.351 -46.733 5.24 1.74
231.232 58.966 3.29 1.16
232.159 1.842 5.17 0.23
231.957 29.106 3.68 0.28
232.732 40.833 5.02 1.59
233.230 -16.853 5.50 -0.14
234.180 -66.317 4.11 1.17
232.946 40.899 5.02 0.07
233.655 -28.047 5.15 1.30
233.785 -41.167 2.78 -0.20
233.545 -10.064 4.62 1.01
233.232 31.359 4.14 -0.13
233.611 -9.183 5.17 -0.09
233.972 -44.959 4.54 -0.18
234.050 -44.397 5.43 1.50
233.882 -14.789 3.91 1.01
233.700 10.537 3.80 0.26
233.700 10.539 3.80 0.26
233.672 26.715 2.23 -0.02
234.256 -28.135 3.58 1.38
234.513 -42.568 4.33 1.42
234.706 -52.373 5.44 0.00
233.812 39.010 5.11 1.64
234.123 10.010 5.26 0.95
234.664 -29.778 3.66 -0.17
234.727 -19.302 5.38 0.86
234.942 -34.412 4.67 0.99
234.457 40.353 5.24 0.88
235.070 -23.818 4.96 1.33
235.297 -44.661 4.64 0.40
232.854 77.349 4.96 1.58
234.845 36.636 5.07 -0.12
235.660 -37.425 5.24 0.98
235.487 -19.679 4.74 1.57
235.671 -34.711 4.75 -0.14
235.388 19.670 4.52 0.04
235.447 12.848 5.33 0.04
236.018 -15.673 5.41 0.23
235.686 26.296 3.84 0.00
236.067 6.426 2.65 1.17
236.523 -1.804 5.40 -0.03
236.547 15.422 3.67 0.06
236.611 7.353 4.43 0.60
237.185 18.142 4.09 1.62
237.405 -3.430 3.53 -0.04
237.740 -33.627 3.95 -0.04
237.745 -25.751 4.64 -0.05
236.667 62.599 5.19 0.04
237.573 2.196 5.23 1.02
237.399 26.068 4.63 0.80
238.873 -68.603 5.09 1.13
237.704 4.478 3.71 0.15
237.674 15.134 5.20 0.60
237.815 -3.091 5.11 0.12
238.785 -63.431 2.85 0.29
237.816 20.978 4.76 1.54
237.808 35.657 4.82 1.00
238.334 -20.167 5.03 -0.01
236.015 77.794 4.32 0.04
238.403 -25.327 4.59 -0.07
238.474 -24.533 5.39 -0.02
238.482 -23.978 5.42 -0.04
238.456 -16.729 4.15 1.02
238.169 42.452 4.62 0.56
238.644 20.311 5.44 1.59
239.223 -33.966 5.12 0.12
239.221 -29.214 3.88 -0.20
238.658 43.139 5.37 1.65
239.113 15.662 3.85 0.48
238.948 37.947 5.45 0.33
239.548 -14.279 4.88 -0.10
239.645 -24.831 5.43 -0.09
239.876 -41.744 4.99 1.00
239.713 -26.114 2.89 -0.19
239.397 26.878 4.15 1.23
240.030 -38.397 3.41 -0.22
240.083 -22.622 2.32 -0.12
240.082 -16.533 5.47 0.52
239.876 25.920 2.00 0.10
239.447 54.750 4.95 0.26
240.883 -57.775 4.63 0.24
240.804 -49.230 4.65 0.92
240.310 17.818 5.12 0.99
240.851 -38.602 4.89 -0.14
240.261 33.304 5.41 0.60
240.836 -25.865 5.00 1.22
240.361 29.851 4.99 -0.07
240.574 22.804 4.83 0.07
241.092 -11.373 5.07 0.60
241.092 -11.373 4.77 0.47
241.623 -45.173 4.72 0.23
240.700 46.037 4.76 -0.11
241.359 -19.806 2.62 -0.07
241.360 -19.802 4.92 -0.02
240.472 58.565 4.01 0.52
241.648 -36.802 4.23 -0.17
241.702 -20.669 3.96 -0.04
241.851 -20.869 4.32 0.84
242.032 -26.327 5.38 1.65
242.019 17.047 5.00 0.95
242.460 -3.467 5.37 1.45
242.758 -29.416 5.13 1.12
242.243 36.491 4.76 1.01
245.087 -78.696 4.68 1.69
245.112 -78.667 5.27 1.41
242.192 44.935 4.26 -0.07
243.370 -54.631 4.94 1.04
241.582 67.810 5.44 -0.02
242.999 -19.461 4.01 0.04
243.076 -27.926 4.59 -0.16
243.860 -63.686 3.85 1.11
243.000 -10.064 4.94 0.09
243.030 -8.547 5.43 0.12
243.814 -47.372 5.14 -0.13
243.314 5.021 5.48 1.47
243.462 -11.838 5.22 1.42
244.180 -53.811 5.44 1.73
243.586 -3.694 2.74 1.58
244.254 -50.068 4.99 0.80
243.905 -8.369 5.50 0.65
244.575 -28.614 4.78 0.02
244.824 -42.674 5.45 0.10
244.960 -50.156 4.02 1.08
244.580 -4.692 3.24 0.96
244.886 -30.907 5.49 0.47
242.706 75.877 5.48 -0.11
245.159 -24.169 4.55 0.84
245.617 -49.572 5.33 -0.04
245.297 -25.593 2.89 0.13
244.314 59.755 5.40 1.63
244.980 39.709 5.46 0.40
244.935 46.313 3.89 -0.15
245.518 1.029 4.82 0.34
246.005 -39.193 5.40 0.62
245.480 19.153 3.75 0.27
247.117 -70.084 4.91 0.55
246.132 -37.566 5.42 -0.11
248.363 -78.897 3.89 0.91
245.524 30.892 4.85 0.97
246.026 -20.038 4.50 1.01
245.589 33.799 5.20 1.60
245.622 33.704 5.39 1.53
246.989 -64.058 5.27 0.36
246.397 -23.447 5.02 0.24
246.796 -47.555 4.47 -0.07
244.376 75.755 4.95 0.37
246.354 14.033 4.57 0.00
246.756 -18.456 4.42 0.28
247.706 -61.634 5.20 1.23
245.453 69.109 5.25 1.12
246.931 -7.598 5.23 1.72
246.950 -8.372 4.63 0.17
247.426 -46.243 5.35 0.56
245.998 61.514 2.74 0.91
247.352 -26.432 0.96 1.83
248.580 -70.988 5.50 1.22
247.142 0.665 5.39 1.46
247.552 -25.115 4.79 -0.11
247.924 -41.817 5.33 0.33
247.845 -34.704 4.23 -0.16
247.160 41.882 5.04 1.52
247.785 -16.613 4.28 0.92
247.555 21.490 2.77 0.94
247.728 1.984 3.82 0.01
247.640 20.479 5.25 1.29
248.034 -21.466 4.45 0.13
248.521 -44.045 4.94 0.05
248.151 11.488 4.84 1.49
246.996 68.768 5.00 -0.06
250.769 -77.517 4.24 1.06
249.094 -42.859 5.47 0.40
248.971 -28.216 2.82 -0.25
249.094 -35.256 4.16 1.57
248.526 42.437 4.20 -0.01
249.290 -10.567 2.56 0.02
249.057 52.924 5.08 -0.04
250.393 -17.742 4.96 1.11
249.502 56.016 5.29 1.08
249.687 48.928 4.90 1.55
251.667 -67.110 5.13 -0.08
250.322 31.603 2.81 0.65
252.166 -69.028 1.92 1.44
250.724 38.922 3.53 0.92
251.699 -39.377 5.48 0.98
250.230 64.589 4.83 1.22
251.458 8.582 5.15 1.53
252.446 -59.041 3.76 1.57
251.943 5.247 5.24 -0.02
251.324 56.782 4.85 0.38
252.541 -34.293 2.29 1.15
252.458 -10.783 4.65 0.47
252.890 -41.231 5.22 0.07
252.968 -38.047 3.08 -0.20
252.581 7.248 5.49 0.10
253.084 -38.017 3.57 -0.21
252.309 45.983 4.82 0.09
253.507 -41.806 5.45 0.19
253.499 -42.362 4.73 0.49
252.939 24.656 5.04 1.25
253.646 -42.361 3.62 1.37
253.242 31.702 5.32 0.29
253.649 -6.154 5.25 1.08
253.502 10.165 4.38 -0.08
254.655 -55.990 3.13 1.60
253.730 20.959 5.41 0.97
254.296 -33.259 5.48 1.59
253.843 18.433 5.35 1.41
254.896 -53.161 4.06 1.45
254.417 9.375 3.20 1.15
255.787 -53.237 5.29 0.48
254.007 65.135 4.89 0.48
255.470 -32.144 5.03 -0.10
255.265 -4.223 4.82 1.48
251.492 82.037 4.23 0.89
255.073 30.926 3.92 -0.01
255.402 33.568 5.25 0.02
256.206 -34.123 4.87 0.26
255.783 14.092 4.98 1.60
256.345 12.741 4.91 0.12
257.676 -44.557 5.08 0.86
257.008 35.935 5.39 0.31
257.595 -15.725 2.43 0.06
258.038 -43.239 3.33 0.41
257.389 40.777 5.08 1.28
258.116 10.585 5.33 1.59
257.197 65.715 3.17 -0.12
258.837 -26.603 5.11 0.86
258.837 -26.601 5.07 0.85
258.662 14.390 3.48 1.44
258.663 14.390 5.39 0.60
258.758 24.839 3.14 0.08
260.525 -70.123 5.41 -0.04
259.153 -0.445 4.73 1.14
259.763 -46.634 5.48 0.80
260.498 -67.771 4.78 1.21
258.762 36.809 3.16 1.44
259.503 -24.287 5.20 1.10
259.331 33.100 4.82 -0.17
259.654 10.864 5.03 1.55
259.418 37.292 4.65 0.05
260.251 -21.113 4.39 0.39
260.207 -12.847 4.33 0.03
260.817 -47.468 5.25 -0.11
260.079 18.057 5.00 1.62
260.502 -24.999 3.27 -0.22
260.041 25.538 5.38 0.03
260.226 24.499 5.12 -0.03
260.165 32.468 5.39 0.62
260.840 -28.143 5.35 1.55
261.054 -44.163 5.12 -0.06
261.325 -55.530 2.85 1.46
261.348 -56.377 3.34 -0.13
261.500 -50.634 5.23 1.06
261.715 -45.844 5.29 -0.07
260.920 37.147 5.47 0.60
260.921 37.146 4.52 -0.03
261.592 -24.175 4.17 0.28
261.839 -29.867 4.29 0.40
261.658 -5.087 4.54 0.39
261.629 4.140 4.34 1.50
262.775 -60.684 3.62 -0.10
262.207 0.331 5.44 0.22
262.691 -37.296 2.69 -0.22
262.960 -49.876 2.95 -0.17
262.599 -1.062 5.31 0.72
262.854 -23.963 4.81 0.00
262.685 26.111 4.41 1.44
263.402 -37.104 1.63 -0.22
262.608 52.301 2.79 0.98
263.915 -46.506 4.59 -0.03
264.137 -38.635 4.29 1.09
264.523 -54.500 5.25 0.20
264.330 -42.998 1.87 0.40
263.044 55.184 4.88 0.26
263.067 55.173 4.87 0.28
263.734 12.560 2.08 0.15
264.397 -15.399 3.54 0.26
262.991 68.135 5.05 1.08
264.461 -8.119 4.62 0.11
265.098 -49.416 4.77 0.40
263.748 61.875 5.23 0.61
264.157 48.586 5.37 1.15
265.622 -39.030 2.41 -0.22
265.354 -12.875 4.26 0.08
266.433 -64.724 3.62 1.19
266.036 -51.834 5.15 0.70
264.866 46.006 3.80 -0.18
265.857 -21.683 4.87 0.47
264.238 68.758 4.80 0.43
265.868 4.567 2.77 1.16
266.896 -40.127 3.03 0.51
266.890 -27.831 4.54 0.80
266.615 27.721 3.42 0.75
267.294 -31.703 4.83 -0.04
266.973 2.707 3.75 0.04
267.465 -37.043 3.21 1.17
267.547 -40.091 4.81 0.26
265.485 72.149 4.58 0.42
267.205 25.623 5.12 1.16
267.595 29.322 5.50 1.05
267.268 50.781 5.02 0.02
269.197 -44.342 4.86 1.21
268.325 40.008 5.16 1.18
269.449 -41.716 4.88 1.65
268.855 26.050 5.46 0.34
269.199 -4.082 5.47 1.16
268.382 56.873 3.75 1.18
269.772 -30.253 5.16 1.77
269.063 37.251 3.86 1.35
269.757 -9.774 3.34 0.99
269.948 -23.816 4.76 -0.04
267.363 76.963 5.04 0.49
269.441 29.248 3.70 0.94
269.152 51.489 2.23 1.52
269.626 30.189 4.41 0.39
270.121 -3.690 4.62 0.38
270.066 4.369 4.64 -0.03
270.014 16.751 4.67 1.26
270.161 2.932 3.97 0.02
283.695 -87.606 5.28 1.28
270.438 1.305 4.45 0.02
270.713 -24.282 5.34 0.52
268.797 72.005 5.45 0.30
270.375 21.595 5.18 0.95
270.377 21.596 4.96 0.12
270.770 -8.181 5.24 0.38
270.596 20.834 5.28 -0.09
271.255 -29.580 4.69 0.78
271.658 -50.092 3.66 -0.08
272.145 -63.668 4.35 0.22
271.452 -30.424 2.99 1.00
271.364 2.499 4.03 0.86
272.609 -62.002 5.49 0.58
271.508 22.219 5.06 1.58
272.021 -28.457 4.57 0.94
271.827 8.734 4.64 0.96
271.837 9.564 3.73 0.12
271.756 30.562 5.04 0.52
271.886 28.762 3.83 -0.03
272.808 -45.954 4.53 1.01
272.190 20.814 4.36 -0.16
263.054 86.586 4.36 0.02
271.870 43.462 5.00 0.91
272.009 36.401 5.48 1.17
272.220 20.045 5.10 0.15
272.931 -23.701 4.98 1.05
273.302 -41.336 5.47 -0.17
273.441 -21.059 3.86 0.23
272.976 31.405 4.97 1.65
273.566 -21.713 5.44 1.52
273.970 -44.207 5.46 0.96
274.281 -56.023 5.33 -0.05
273.804 -20.728 5.38 0.07
275.900 -75.044 5.47 0.02
274.407 -36.762 3.11 1.56
274.513 -27.043 4.65 1.66
273.474 64.397 5.03 0.38
275.807 -61.494 4.36 1.48
274.790 7.260 5.39 1.07
275.037 -15.832 5.39 1.47
275.249 -29.828 2.70 1.38
274.795 24.446 5.27 1.53
275.578 -38.657 5.10 1.49
275.217 3.377 4.86 0.91
275.075 21.961 4.95 1.59
275.328 -2.899 3.26 0.94
275.721 -36.669 5.34 -0.14
274.965 36.064 4.33 1.17
276.076 -44.110 5.25 -0.19
275.254 28.870 5.12 0.20
276.043 -34.385 1.85 -0.03
275.536 23.285 5.41 1.60
275.915 -8.934 4.68 0.95
275.704 17.827 5.25 1.27
275.386 49.122 5.05 1.66
276.725 -48.117 5.46 0.84
275.925 21.770 3.84 1.18
276.337 -20.542 4.81 1.31
276.743 -45.968 3.51 -0.17
276.057 39.507 5.12 0.03
277.208 -49.071 4.13 1.02
276.993 -25.422 2.81 1.04
277.843 -62.278 4.64 -0.11
276.802 0.196 5.21 0.50
275.190 71.338 4.22 -0.10
275.977 58.801 4.98 0.08
275.264 72.733 3.57 0.49
277.300 -14.566 4.70 0.06
277.939 -45.915 4.96 -0.11
277.421 -1.985 5.39 0.96
277.770 -32.989 5.34 0.16
278.008 -45.757 5.07 -0.14
278.089 -39.704 5.16 0.08
277.860 -18.403 5.14 0.00
276.496 65.564 4.82 1.19
278.376 -42.312 4.64 1.01
278.180 -14.866 5.50 1.97
278.491 -33.017 5.28 -0.11
278.473 -24.032 5.49 1.79
278.208 30.554 5.48 -0.10
278.760 -10.977 5.14 0.92
278.802 -8.244 3.85 1.33
278.144 57.046 4.77 0.61
280.759 -71.428 4.01 1.14
278.486 52.354 5.36 1.09
279.116 9.123 5.39 0.37
279.163 6.672 5.45 0.37
279.896 -43.186 5.37 1.68
279.155 33.469 5.42 -0.10
279.235 38.784 0.03 0.00
281.362 -64.871 4.79 0.20
280.568 -9.053 4.72 0.35
280.945 -38.324 5.13 0.09
281.081 -35.642 4.87 -0.18
281.238 -39.686 5.43 0.87
280.880 -8.275 4.90 1.12
281.414 -26.991 3.17 -0.11
281.208 2.060 5.02 -0.06
281.586 -22.392 5.37 1.64
280.658 55.539 5.04 -0.09
281.936 -40.406 5.24 0.78
281.085 39.670 5.06 0.16
281.095 39.613 5.14 0.19
281.095 39.613 5.37 0.60
281.193 37.605 4.36 0.19
281.415 20.546 4.19 0.46
282.210 -43.680 5.49 0.13
281.794 -4.748 4.22 1.10
281.519 26.662 4.83 1.20
281.871 -5.705 5.20 1.47
281.755 18.181 4.36 0.13
283.054 -62.188 4.22 -0.14
282.417 -20.325 5.24 1.41
283.165 -52.108 5.17 0.94
282.470 32.551 5.25 0.08
282.520 33.363 3.45 0.00
284.238 -67.234 4.44 0.71
283.068 21.425 5.48 -0.07
283.543 -22.745 4.83 1.41
281.445 74.086 5.27 0.92
283.680 -15.603 5.10 0.17
283.780 -22.671 4.99 1.33
283.816 -26.297 2.02 -0.22
284.070 -42.711 5.36 1.00
281.592 75.434 5.35 0.05
282.800 59.388 4.66 1.19
284.652 -60.201 5.14 1.37
284.169 -37.343 5.38 -0.14
283.687 22.645 4.59 0.78
284.615 -52.939 4.87 -0.05
283.307 50.708 4.92 0.90
283.626 36.899 4.30 1.68
284.055 4.204 4.62 0.17
284.061 4.202 4.98 0.20
284.335 -20.656 5.08 0.13
283.718 41.603 5.44 1.03
284.265 -5.846 4.83 1.08
284.432 -21.107 3.51 1.18
284.681 -37.108 4.87 0.41
283.834 43.946 4.04 1.59
284.257 32.901 5.22 0.59
284.561 17.361 5.38 0.80
284.774 13.623 5.23 0.53
284.906 15.068 4.02 1.08
284.736 32.689 3.24 -0.05
283.600 71.297 4.82 1.15
284.940 26.231 5.27 1.24
285.779 -42.095 4.75 -0.02
285.004 32.146 4.93 1.47
285.420 -5.739 4.02 1.09
285.653 -29.880 2.60 0.08
285.727 -3.699 5.42 0.00
285.057 50.534 5.38 -0.18
286.105 -31.047 5.50 0.03
286.583 -52.341 5.16 0.53
285.360 46.935 5.01 0.19
286.171 -21.742 3.77 1.01
285.181 55.658 5.48 0.86
287.470 -68.425 5.33 0.91
286.240 -4.031 5.42 1.12
286.605 -37.063 4.93 0.52
286.605 -37.063 4.99 0.52
317.192 -88.956 5.47 0.27
286.735 -27.671 3.32 1.19
286.352 13.863 2.99 0.01
286.562 -4.883 3.44 -0.09
287.087 -40.497 4.59 1.09
286.744 11.071 5.09 -0.07
286.230 53.397 5.38 -0.01
287.368 -37.904 4.11 0.04
287.507 -39.341 4.11 1.20
286.857 32.502 5.23 0.34
286.825 36.100 5.28 -0.11
287.441 -21.024 2.89 0.35
287.250 6.073 5.22 0.35
288.170 -7.939 5.34 0.13
288.428 2.294 5.15 -0.07
289.090 -45.466 5.40 1.35
288.885 -25.257 4.85 0.56
287.919 56.859 5.12 1.01
288.440 39.146 4.39 -0.15
289.409 -18.953 4.96 1.02
289.054 21.390 4.77 -0.05
288.480 57.705 4.99 1.16
288.139 67.662 3.07 1.00
287.291 76.561 5.13 0.31
289.092 38.134 4.36 1.26
289.454 11.595 5.28 0.20
289.432 23.026 5.43 0.02
289.635 1.085 5.10 1.15
289.276 53.369 3.77 0.96
290.713 -54.424 5.05 0.02
290.137 -5.416 5.01 0.92
290.149 -0.892 5.49 -0.04
290.660 -44.459 4.01 -0.10
290.418 -17.847 3.93 0.22
290.432 -15.955 4.61 0.10
290.805 -44.800 4.29 0.34
290.972 -40.616 3.97 -0.10
288.887 73.356 4.45 1.25
290.712 26.262 5.18 -0.12
291.319 -24.509 5.03 0.23
291.374 -23.962 5.43 1.43
290.167 65.715 4.59 0.02
291.032 29.621 4.97 -0.10
291.243 11.944 5.16 0.77
291.375 3.115 3.36 0.32
291.369 19.799 5.16 0.98
291.630 0.339 4.66 0.60
291.538 36.318 5.15 -0.12
292.176 24.665 4.44 1.50
292.666 -2.789 5.03 1.75
292.680 27.960 3.08 1.13
292.689 27.965 5.11 -0.10
292.426 51.730 3.79 0.14
293.804 -48.099 4.90 1.09
292.943 34.453 4.74 -0.14
293.522 7.379 4.45 1.17
293.780 -10.560 5.12 1.13
293.645 19.773 5.00 -0.09
294.177 -24.884 4.60 -0.07
293.712 29.463 5.38 0.55
293.672 42.413 5.35 0.05
294.223 -7.027 4.95 0.00
294.180 -1.286 4.36 -0.08
294.393 -14.302 5.47 0.50
294.447 -4.647 5.46 0.43
293.090 69.661 4.68 0.79
294.158 44.695 5.17 0.93
294.110 50.221 4.48 0.38
294.798 5.398 5.17 0.03
294.844 30.153 4.69 0.97
295.024 18.014 4.37 0.78
294.860 42.818 5.40 -0.08
295.262 17.476 4.37 1.05
295.630 -16.124 5.06 0.33
295.209 45.525 5.06 0.40
295.890 -15.470 5.49 0.46
295.642 11.827 5.27 0.57
297.355 -72.503 5.41 0.22
295.929 25.772 5.49 0.93
297.005 -56.363 5.35 0.20
296.590 -19.761 4.86 0.93
296.069 37.354 4.89 0.95
296.565 10.613 2.72 1.52
296.244 45.131 2.87 -0.03
297.687 -59.193 5.42 0.08
296.607 33.728 4.99 0.47
296.847 18.534 3.82 1.41
297.245 19.142 5.00 0.10
297.961 -39.874 5.33 -0.06
297.695 -10.764 5.39 0.38
297.696 8.868 0.77 0.22
297.757 10.416 5.11 0.55
297.641 32.914 4.23 1.82
297.767 22.610 4.95 -0.14
297.642 38.723 5.12 1.69
298.118 1.006 3.90 0.89
297.657 52.988 5.03 1.28
298.815 -41.868 4.13 1.08
297.043 70.268 3.83 0.89
299.276 -58.901 5.26 -0.01
300.148 -72.911 3.96 -0.03
298.365 24.080 4.58 -0.06
298.562 8.461 4.71 1.05
298.960 -26.299 4.70 0.75
298.828 6.407 3.71 0.86
299.237 -27.170 4.52 1.46
298.322 57.524 5.14 -0.13
299.005 16.635 5.36 0.67
299.060 11.424 5.28 -0.01
300.468 -66.944 5.31 1.22
298.965 38.487 4.94 -0.08
299.488 -15.491 5.02 0.05
299.077 35.083 3.89 1.02
299.738 -26.196 4.83 0.90
298.908 52.439 4.92 0.12
299.934 -35.276 4.37 -0.15
299.964 -34.698 5.30 0.17
300.436 -59.376 5.13 1.53
299.308 40.368 5.45 -0.10
298.981 58.846 4.96 1.59
299.689 19.492 3.47 1.57
299.658 30.984 5.49 -0.06
300.014 17.517 5.37 1.67
299.980 37.043 5.19 -0.17
300.665 -27.710 4.58 1.65
300.890 -37.941 4.77 1.41
300.275 27.754 4.64 0.18
300.506 24.938 5.22 0.36
301.082 -32.056 4.99 1.21
300.340 50.105 5.05 1.11
302.182 -66.182 3.56 0.76
301.847 -52.881 4.94 1.62
300.369 64.821 5.27 1.56
301.290 19.991 5.10 1.06
300.705 67.874 4.51 1.32
301.723 23.614 5.07 -0.18
301.591 35.973 5.36 0.85
301.387 61.996 5.39 1.18
302.800 -36.101 5.32 0.87
302.357 36.840 4.93 -0.13
302.826 -0.821 3.23 -0.07
302.950 26.809 5.49 1.41
303.308 -1.009 5.47 1.43
303.569 15.197 4.95 0.08
303.325 46.816 4.83 0.09
303.560 28.695 5.18 0.18
303.408 46.741 3.79 1.28
303.633 36.806 4.97 0.14
303.816 25.592 4.78 -0.18
303.350 56.568 4.30 0.11
303.876 23.509 5.15 1.04
303.942 27.814 4.52 1.26
304.412 -12.508 4.24 1.07
302.222 77.711 4.39 -0.05
303.868 47.714 3.98 1.52
304.196 24.671 5.32 0.95
304.514 -12.545 3.57 0.94
304.230 40.365 5.24 1.65
304.848 -19.119 5.28 1.40
304.447 38.033 4.81 0.42
304.663 34.983 5.17 0.65
305.166 -12.759 4.76 -0.05
305.253 -14.781 3.08 0.79
306.412 -56.735 1.94 -0.20
305.795 5.343 5.31 0.97
305.557 40.257 2.20 0.68
305.965 32.190 4.43 1.33
306.830 -18.212 5.25 -0.07
307.215 -17.814 4.78 0.38
307.413 -2.886 4.91 1.15
307.349 30.369 4.01 0.40
307.515 48.952 4.95 -0.09
308.480 -44.516 5.11 1.01
308.895 -60.582 4.76 0.28
307.395 62.994 4.22 0.20
307.828 49.220 5.44 1.55
308.303 11.303 4.03 -0.13
308.488 13.027 5.38 0.07
309.397 -61.530 4.88 0.43
308.476 35.251 4.61 1.60
309.392 -47.291 3.11 1.00
308.827 14.674 4.68 0.11
309.182 -2.550 4.89 1.60
310.011 -60.549 5.12 0.53
307.877 74.955 5.20 0.07
310.488 -66.761 5.15 -0.06
309.387 14.595 3.63 0.44
309.455 11.378 5.43 0.06
309.585 -1.105 4.32 0.95
309.818 -14.955 5.22 -0.12
309.630 21.201 4.82 -0.02
310.083 -33.432 5.47 1.12
309.633 24.116 5.04 -0.14
309.782 10.086 5.05 0.72
309.854 0.486 5.16 1.06
310.012 -18.139 5.10 1.66
307.061 81.423 5.46 1.02
309.910 15.912 3.77 -0.06
311.240 -66.203 3.42 0.16
311.010 -51.921 4.51 0.27
310.358 45.280 1.25 0.09
310.865 15.074 4.43 0.32
310.552 50.340 5.39 -0.10
311.584 -39.199 5.50 -0.10
312.325 -68.776 5.41 1.12
311.524 -25.271 4.14 0.43
311.219 25.271 4.91 1.18
311.415 30.720 4.22 1.05
312.122 -43.989 5.11 0.35
311.661 16.124 5.14 0.49
311.665 16.124 4.27 1.04
311.553 33.970 2.46 1.03
311.919 -9.496 3.77 0.00
311.934 -5.028 4.42 1.65
312.371 -46.227 4.89 1.52
311.338 57.580 4.51 0.54
311.795 34.374 4.92 1.32
311.322 61.839 3.43 0.92
311.852 36.491 4.53 -0.11
312.492 -33.780 4.90 1.00
312.875 -51.608 5.05 1.13
312.235 46.114 4.84 0.41
312.955 -26.919 4.11 1.64
312.520 44.059 5.04 0.20
313.702 -58.454 3.65 1.25
313.418 -39.810 5.35 1.32
313.163 -8.983 4.73 0.32
313.032 27.097 4.59 0.83
313.312 44.387 4.78 -0.14
313.327 45.182 5.45 1.10
313.475 33.438 5.47 1.52
313.640 28.058 5.01 1.48
313.903 13.721 5.17 1.12
311.889 80.552 5.39 1.12
316.179 -77.024 5.15 0.49
314.293 41.167 3.94 0.02
314.608 10.839 5.48 0.93
314.568 22.326 5.31 1.40
314.768 4.294 5.23 0.46
315.323 -32.258 4.67 0.89
314.957 47.521 4.74 -0.05
315.742 -38.632 5.30 0.41
315.295 46.156 5.37 -0.21
316.309 -54.727 5.16 1.21
316.101 -19.855 4.84 0.17
316.487 -17.233 4.07 -0.01
316.603 -32.342 5.18 1.10
316.233 43.928 3.72 1.65
316.782 -25.006 4.50 1.61
316.728 38.746 5.21 1.18
317.140 -21.194 5.30 0.01
316.650 47.648 4.55 1.57
318.335 -70.126 5.02 1.58
317.399 -11.372 4.51 0.94
317.585 10.132 4.69 0.26
318.263 -39.425 5.26 0.44
318.322 -27.619 5.42 1.42
318.234 30.227 3.20 0.99
318.620 10.007 4.49 0.50
318.908 -20.652 5.24 1.17
318.937 -15.171 5.28 1.64
318.698 38.046 3.72 0.39
318.956 5.248 3.92 0.53
319.485 -32.172 4.71 0.06
319.489 -17.985 5.43 -0.12
319.967 -53.450 4.39 0.19
319.354 39.395 4.23 0.12
319.480 34.897 4.43 -0.11
320.190 -40.810 4.82 0.02
319.613 43.946 5.00 -0.01
319.645 62.586 2.44 0.22
320.562 -16.834 4.28 0.90
319.842 64.872 5.18 -0.04
320.522 19.804 4.08 1.11
320.723 6.811 5.16 0.05
321.611 -65.366 4.22 0.49
321.040 -20.852 5.41 1.16
321.048 -12.878 5.49 0.29
322.187 -69.505 5.34 1.55
321.321 -3.557 5.49 1.46
321.667 -22.411 3.74 1.00
322.181 -21.807 4.51 0.91
321.839 37.117 5.31 -0.14
321.715 48.835 5.31 0.07
321.917 27.609 5.41 0.04
322.487 23.639 4.57 1.62
321.942 66.809 5.44 -0.11
322.363 46.541 5.24 0.97
323.025 -41.179 5.29 1.10
322.890 -5.571 2.91 0.83
322.165 70.561 3.23 -0.22
323.495 45.592 4.02 0.89
325.369 -77.390 3.76 1.00
323.694 38.534 4.90 1.08
324.270 -19.466 4.68 -0.17
324.438 -7.854 4.69 0.17
324.238 40.414 5.01 0.18
324.439 19.319 5.45 0.30
324.889 2.244 5.10 1.04
325.023 -16.662 3.68 0.32
324.480 62.082 4.73 0.30
327.726 -82.719 5.29 0.75
325.387 -14.047 5.18 0.65
325.046 43.274 5.11 1.60
325.503 -23.263 5.24 0.95
325.665 -18.866 4.73 0.88
325.565 5.680 5.30 1.64
325.524 51.190 4.67 -0.12
326.237 -33.026 4.34 -0.05
325.777 41.155 5.49 1.59
326.047 9.875 2.39 1.53
326.036 28.743 4.73 0.48
326.251 -9.082 5.09 1.11
326.128 17.350 4.34 1.17
326.161 25.645 4.13 0.43
325.877 58.780 4.08 2.35
325.480 71.311 4.56 1.10
326.518 22.949 5.29 1.41
326.760 -16.127 2.87 0.29
325.767 72.320 5.17 1.05
326.934 -30.898 5.01 0.04
326.362 61.121 4.29 0.52
326.698 49.309 4.23 -0.12
327.461 30.174 5.04 -0.03
327.536 17.286 5.29 0.37
328.324 -13.552 5.08 0.37
328.482 -37.365 3.01 -0.12
328.266 25.925 5.08 -0.17
329.095 -37.254 5.46 0.08
329.480 -54.992 4.40 0.28
329.825 -38.395 5.50 1.00
329.163 63.626 4.91 1.77
330.209 -28.454 5.42 -0.09
330.840 -56.786 4.69 1.06
329.812 73.180 5.03 0.44
330.829 -2.155 4.69 -0.06
331.197 -0.907 5.30 0.23
331.529 -39.543 4.46 1.37
331.420 5.059 4.84 1.44
331.446 -0.320 2.96 0.98
330.970 63.120 5.29 1.58
330.947 64.628 4.29 0.34
331.609 -13.870 4.27 -0.07
331.508 45.014 5.14 1.57
332.058 -46.961 1.74 -0.13
331.252 62.786 5.27 1.41
331.287 62.280 5.11 0.08
331.753 25.345 3.76 0.44
332.096 -32.989 4.50 0.05
332.108 -34.044 4.99 1.48
332.482 -34.015 5.37 0.24
332.537 -32.548 4.92 0.48
332.550 6.198 3.53 0.08
332.656 -11.565 5.46 -0.12
332.497 33.178 4.29 0.46
332.791 50.823 5.40 0.15
332.714 58.201 3.35 1.57
332.452 72.341 4.79 0.92
332.878 59.414 5.04 0.25
332.953 56.839 5.24 0.51
332.662 70.133 5.50 0.38
333.199 34.605 5.33 1.13
333.578 -27.767 5.43 -0.16
333.008 60.759 5.35 1.17
333.575 -21.074 5.32 0.80
335.006 -80.440 5.10 1.47
333.470 39.715 4.49 1.39
333.904 -41.347 4.79 0.80
334.111 -41.627 5.10 0.92
333.758 57.044 4.19 0.28
334.200 -12.831 5.34 1.14
333.993 37.749 4.13 1.46
334.208 -7.783 4.16 0.98
334.565 -53.628 5.37 0.60
334.625 -60.260 2.86 1.39
335.050 -7.821 5.37 -0.06
335.115 5.789 5.37 -0.02
336.153 -72.256 5.29 0.65
335.398 -21.598 5.13 1.07
335.414 -1.387 3.84 -0.05
335.380 12.205 5.01 -0.13
335.330 28.331 4.81 0.00
335.257 46.537 4.57 -0.10
336.235 -57.797 5.32 0.67
335.890 52.229 4.43 1.02
336.319 1.377 4.66 -0.03
336.833 -64.966 4.48 -0.03
336.129 49.476 4.57 0.09
333.294 86.108 5.27 -0.03
336.965 4.696 4.79 1.05
337.163 -39.132 5.47 0.95
337.317 -43.496 3.97 1.03
336.503 70.771 5.47 1.20
337.207 -0.020 4.59 0.60
337.209 -0.020 4.42 0.38
337.440 -43.749 4.11 1.57
336.772 65.132 5.46 0.37
337.492 4.432 5.48 0.38
337.293 58.415 3.75 0.60
337.382 47.707 4.36 1.68
337.662 -10.678 4.82 -0.06
337.876 -32.346 4.29 0.01
337.622 43.123 4.51 -0.09
338.250 -61.982 4.81 1.61
337.823 50.282 3.77 0.01
337.470 78.824 5.50 0.06
338.673 -20.708 5.20 0.44
338.839 -0.118 4.02 -0.09
339.439 -4.228 5.03 1.14
339.343 51.545 4.63 0.24
338.942 73.643 5.08 0.39
339.658 56.796 5.21 1.58
339.815 39.050 4.88 -0.20
339.663 63.584 5.19 0.06
340.164 -27.044 4.17 -0.11
341.514 -81.382 4.15 0.20
340.129 44.276 4.46 1.33
340.365 10.831 3.40 -0.09
340.667 -46.885 2.10 1.60
340.369 40.226 5.25 -0.14
340.439 29.308 4.79 -0.01
340.875 -41.414 4.85 1.03
340.897 -18.830 4.69 1.37
340.750 30.221 2.94 0.86
341.408 -53.500 4.85 1.18
341.023 41.819 5.08 0.96
342.595 -80.124 5.35 -0.15
341.673 12.173 4.19 0.50
341.633 23.566 3.95 1.07
341.888 -19.613 5.26 0.94
342.139 -51.317 3.49 0.08
342.398 -13.593 4.01 1.57
342.501 24.602 3.48 0.93
342.759 -39.157 5.42 1.43
342.442 55.903 5.43 1.17
342.420 66.201 3.52 1.05
343.132 -32.876 4.46 -0.04
343.100 9.836 5.16 0.48
343.154 -7.580 3.74 1.64
343.008 43.312 4.94 1.56
341.871 83.154 4.74 1.26
343.662 -15.821 3.27 0.05
343.807 8.816 4.90 0.00
343.987 -32.540 4.21 0.97
344.108 49.734 4.95 1.78
344.413 -29.622 1.16 0.09
344.366 20.769 5.49 0.67
344.269 48.684 5.43 -0.09
344.864 0.963 5.43 0.98
345.220 -52.754 4.12 0.98
343.603 84.346 4.71 1.43
345.021 56.945 5.00 1.42
345.480 42.326 3.62 -0.09
345.651 42.758 5.10 0.09
345.874 -34.749 5.11 0.29
345.969 3.820 4.53 -0.12
346.165 -53.965 5.37 1.45
345.944 28.083 2.42 1.67
345.887 67.209 5.24 1.26
346.046 50.052 4.65 1.06
346.190 15.205 2.49 -0.04
346.291 -7.694 5.43 0.30
346.720 -43.521 4.28 0.42
346.670 -23.743 4.47 0.90
346.751 9.409 4.52 1.57
346.778 25.468 4.76 1.34
346.654 59.420 4.85 -0.03
346.914 46.387 5.33 1.41
347.170 2.128 5.40 0.91
347.362 -21.172 3.66 1.22
347.381 8.677 5.12 1.47
347.478 -22.457 4.69 0.65
346.975 75.388 4.41 0.80
347.590 -45.247 3.90 1.02
347.506 9.822 5.39 -0.08
347.934 8.720 5.16 0.13
348.137 49.406 4.52 0.29
348.581 -6.049 4.22 1.56
348.973 -9.088 4.21 1.11
349.358 -58.236 3.99 0.40
349.212 -7.727 5.06 1.60
349.291 3.282 3.69 0.92
349.476 -9.182 4.39 -0.15
349.436 49.015 4.85 1.67
352.015 -87.482 5.49 1.27
349.706 -32.532 4.41 1.13
349.740 -9.611 4.98 -0.02
349.778 -13.459 5.08 0.80
349.656 68.112 4.75 0.84
349.874 48.625 5.44 1.03
350.086 5.381 5.05 1.20
350.159 23.740 4.60 0.17
350.479 31.812 5.32 -0.11
350.663 -15.039 5.20 0.20
350.743 -20.101 3.97 1.10
350.769 12.314 5.08 1.31
351.210 62.283 4.98 1.68
351.345 23.404 4.40 0.61
351.512 -20.642 4.39 1.47
351.733 1.256 4.94 0.03
351.992 6.379 4.28 1.07
352.289 12.761 4.55 0.94
352.508 58.549 4.91 -0.12
352.822 39.236 5.22 1.02
353.243 -37.818 4.37 -0.09
353.319 -20.914 4.71 0.02
353.367 22.499 5.32 1.60
353.488 31.325 4.98 1.38
353.769 -42.615 4.71 0.08
354.463 -45.492 4.74 0.08
354.391 46.458 3.82 1.01
354.534 43.268 4.29 -0.10
354.785 50.472 5.30 -0.06
354.946 -14.222 5.00 0.24
354.987 5.626 4.13 0.51
354.837 77.632 3.21 1.03
355.159 -32.073 5.31 0.97
355.102 44.334 4.14 -0.08
355.394 -18.027 5.34 1.57
355.441 -17.816 4.82 0.82
355.512 1.780 4.50 0.20
355.616 -15.448 5.28 1.37
355.680 -14.545 4.49 -0.04
355.843 10.331 5.06 1.68
355.998 29.362 4.93 0.95
356.050 -18.277 5.24 -0.08
356.504 -18.678 5.29 0.28
356.509 46.420 4.95 1.11
356.598 3.487 5.04 2.60
356.817 -50.227 5.18 -0.19
356.765 58.652 4.87 1.11
356.985 -2.762 5.49 0.94
356.978 67.807 5.04 -0.01
357.232 -28.130 4.57 0.01
357.209 62.214 5.43 0.67
357.839 -18.909 5.18 -0.14
358.027 -82.019 5.11 0.92
358.122 19.120 5.08 1.60
358.155 10.947 5.30 0.18
358.596 57.499 4.54 1.22
359.397 -64.298 5.00 0.06
359.440 25.141 4.66 1.59
359.603 51.389 4.80 1.83
359.668 -3.556 4.86 0.93
359.732 -52.746 5.13 1.13
359.752 55.755 4.88 -0.07
359.828 6.863 4.01 0.42
359.979 -65.577 4.50 -0.08
0.399 -77.066 4.78 1.27
0.456 -3.027 5.10 -0.12
0.490 -6.014 4.41 1.63
0.583 -29.720 5.01 -0.15
0.935 -17.336 4.55 -0.05
1.125 -10.509 4.94 1.63
