# Teton Range from Snake River Overlook, facing west
# Observer 43.7513, -110.6237 at 2107 m; centre azimuth 268; angles x1.0.
# Source: USGS 3DEP (public domain).
# azimuth offset and altitude, degrees
-60.00 0.19
-59.58 0.01
-58.52 0.05
-58.33 0.00
-57.75 0.00
-57.33 0.15
-56.95 0.00
-54.65 0.00
-53.60 0.26
-53.30 0.26
-52.70 0.40
-51.55 0.54
-50.60 0.61
-50.00 0.51
-49.35 0.54
-49.02 0.50
-48.55 0.65
-48.17 0.68
-47.27 0.86
-46.70 0.80
-46.20 0.83
-45.60 0.79
-45.15 0.99
-44.55 1.35
-43.95 1.44
-43.50 1.39
-43.02 1.43
-42.58 1.50
-42.02 1.71
-41.58 1.78
-41.25 1.72
-40.45 2.17
-40.08 2.13
-39.77 2.03
-39.60 2.13
-39.40 2.07
-39.10 2.17
-38.67 2.23
-37.85 2.00
-37.62 2.03
-37.22 2.22
-37.02 2.25
-36.72 2.18
-36.22 2.19
-35.60 2.05
-35.27 2.14
-34.65 2.05
-34.08 2.30
-33.47 2.68
-33.17 2.76
-32.95 2.74
-32.45 2.48
-31.92 2.55
-31.70 2.76
-31.62 2.74
-31.30 3.02
-31.05 3.07
-30.80 3.27
-30.17 3.44
-30.00 3.44
-29.15 3.11
-28.85 3.22
-28.50 3.50
-28.40 3.53
-28.17 3.46
-27.73 3.20
-27.45 3.16
-27.12 3.20
-26.32 3.61
-26.02 3.66
-25.82 3.76
-25.70 3.72
-25.62 3.77
-25.27 3.76
-25.00 4.03
-24.27 4.37
-24.20 4.37
-24.02 4.23
-23.73 4.13
-23.62 4.15
-23.48 4.09
-23.40 4.13
-23.10 3.99
-22.82 4.08
-22.75 4.17
-22.60 4.45
-22.52 4.49
-22.48 4.45
-22.27 4.69
-22.00 4.90
-21.73 5.03
-21.65 5.00
-21.57 4.90
-21.52 4.91
-21.30 4.63
-21.17 4.52
-20.95 4.64
-20.90 4.59
-20.77 4.31
-20.70 4.23
-20.52 4.16
-20.45 4.03
-20.00 3.90
-19.70 4.02
-19.57 3.84
-19.35 3.78
-19.20 3.93
-19.05 4.15
-18.88 4.22
-18.77 4.31
-18.70 4.32
-18.62 4.24
-18.60 4.26
-18.55 4.15
-18.47 4.10
-18.05 4.30
-17.85 4.45
-17.70 4.64
-17.52 4.77
-17.38 4.69
-17.30 4.72
-17.15 4.48
-16.80 4.22
-16.70 4.09
-16.52 4.11
-16.35 4.08
-16.30 4.02
-15.80 4.05
-15.52 3.99
-15.42 4.07
-15.30 3.98
-15.10 4.29
-15.05 4.44
-15.00 4.51
-14.90 4.51
-14.82 4.59
-14.50 4.64
-14.22 4.49
-14.17 4.42
-14.02 4.32
-13.95 4.35
-13.82 4.56
-13.57 4.72
-13.32 4.73
-13.30 4.76
-13.25 4.91
-13.20 4.89
-12.92 5.36
-12.70 5.61
-12.65 5.77
-12.40 5.95
-12.30 5.96
-12.12 5.80
-12.07 5.69
-12.00 5.63
-11.77 5.79
-11.52 5.65
-11.20 5.97
-11.05 6.02
-11.00 5.98
-10.95 6.00
-10.85 5.91
-10.70 5.61
-10.62 5.55
-10.27 5.45
-10.15 5.34
-9.77 5.13
-9.30 5.07
-9.02 4.98
-8.88 4.86
-8.57 5.07
-8.42 5.26
-8.32 5.32
-8.17 5.52
-7.92 5.72
-7.77 6.05
-7.72 6.04
-7.57 6.26
-7.38 6.40
-7.30 6.56
-7.12 6.63
-7.10 6.63
-7.07 6.56
-7.00 6.64
-6.92 6.64
-6.72 6.51
-6.55 6.51
-6.42 6.38
-6.32 6.12
-6.25 6.07
-6.17 5.89
-6.12 5.96
-6.02 5.94
-5.97 5.89
-5.95 5.80
-5.80 5.73
-5.65 5.68
-5.50 5.76
-5.40 5.76
-5.30 5.67
-5.27 5.69
-5.25 5.82
-5.22 5.86
-5.10 5.97
-4.88 6.35
-4.75 6.51
-4.70 6.48
-4.65 6.31
-4.60 6.38
-4.47 6.43
-4.42 6.34
-4.22 6.63
-4.20 6.74
-4.15 6.80
-4.10 6.94
-4.02 6.99
-3.95 7.10
-3.75 7.14
-3.67 7.26
-3.57 7.36
-3.25 7.57
-3.17 7.66
-3.07 7.71
-2.47 8.20
-2.40 8.19
-2.27 8.05
-2.17 8.00
-2.10 7.86
-2.05 7.65
-1.97 7.52
-1.92 7.38
-1.90 7.17
-1.77 6.91
-1.50 6.91
-1.40 6.97
-1.27 6.96
-1.17 7.08
-1.05 7.02
-0.70 7.29
-0.55 7.27
-0.47 7.16
-0.32 7.38
-0.25 7.35
-0.10 7.42
0.08 7.40
0.15 7.31
0.25 7.29
0.35 7.14
0.48 7.21
0.80 6.86
0.90 6.67
1.08 6.72
1.18 6.83
1.30 6.73
1.33 6.59
1.35 6.55
1.85 6.39
2.05 6.05
2.08 5.99
2.10 5.85
2.18 5.72
2.33 5.66
2.43 5.67
2.55 5.56
2.65 5.59
2.78 5.49
2.85 5.40
2.90 5.28
3.03 5.21
3.18 4.94
3.35 4.75
5.03 3.75
5.83 3.52
6.03 3.43
6.15 3.27
6.53 3.21
6.58 3.15
7.25 3.26
7.55 3.37
8.10 3.74
8.23 3.64
8.40 3.60
8.83 3.75
8.88 3.70
9.03 3.69
9.12 3.57
9.17 3.60
9.28 3.53
9.55 3.43
9.65 3.48
9.92 3.45
10.17 3.60
10.48 3.69
10.62 3.72
10.78 3.65
10.98 3.75
11.00 3.83
11.12 4.01
11.17 4.17
11.33 4.28
11.42 4.48
11.55 4.64
11.70 4.56
11.88 4.27
12.03 4.56
12.23 4.71
12.33 4.74
12.38 4.86
12.58 4.97
12.65 5.14
12.75 5.23
12.90 5.24
12.98 5.29
13.17 5.16
13.58 5.37
13.78 5.35
13.85 5.30
13.98 5.34
14.10 5.26
14.17 5.31
14.20 5.39
14.28 5.42
14.35 5.53
14.55 5.57
14.62 5.55
14.67 5.58
14.73 5.68
14.95 5.71
14.98 5.70
15.08 5.46
15.12 5.40
15.17 5.44
15.20 5.41
15.33 5.55
15.40 5.68
15.55 5.63
15.62 5.72
15.70 5.70
15.73 5.65
15.78 5.74
15.80 5.67
15.98 5.94
16.15 5.82
16.88 5.79
17.00 5.91
17.12 5.89
17.35 5.96
17.40 5.98
17.45 6.09
17.68 6.11
17.75 6.22
18.05 6.29
18.20 6.19
18.33 6.28
18.40 6.23
18.45 6.14
18.73 6.26
18.83 6.13
18.93 6.07
19.00 5.98
19.12 6.01
19.28 5.90
19.43 5.75
19.62 5.44
19.93 5.37
20.00 5.23
20.10 5.17
20.18 5.19
20.38 5.45
20.60 5.46
20.70 5.57
20.78 5.72
20.88 5.79
21.10 5.88
21.28 5.86
21.53 5.91
21.70 5.84
21.85 5.85
22.15 5.70
22.40 5.66
22.58 5.50
22.70 5.44
23.08 5.36
23.25 5.44
23.43 5.42
23.55 5.51
23.68 5.48
24.08 5.26
24.48 5.42
25.33 5.35
25.45 5.25
25.60 5.28
26.05 5.00
26.20 5.03
26.38 5.16
26.70 5.20
26.83 5.14
26.98 4.96
27.03 4.95
27.15 5.08
27.28 5.05
27.48 4.86
27.58 4.81
27.65 4.66
27.83 4.62
28.00 4.39
28.05 4.38
28.28 4.47
28.43 4.64
28.53 4.66
28.65 4.61
28.75 4.75
29.00 4.86
29.18 4.88
29.33 4.79
29.45 4.64
29.78 4.63
30.00 4.56
30.28 4.21
30.62 4.30
30.80 4.29
30.93 4.22
31.12 4.20
31.23 4.02
31.50 4.16
31.70 4.10
32.10 4.15
32.50 4.05
32.60 4.10
32.62 4.16
32.83 4.18
32.88 4.21
32.95 4.35
33.30 4.41
33.58 4.59
33.60 4.65
33.88 4.76
33.98 4.89
34.10 4.97
34.23 5.18
34.62 5.37
34.70 5.35
35.03 5.04
35.33 5.02
35.38 4.97
35.48 5.09
35.60 5.09
35.70 5.18
35.78 5.19
36.08 4.97
36.45 5.00
36.62 5.28
36.70 5.29
36.80 5.40
36.85 5.39
36.90 5.49
37.23 5.37
37.28 5.41
37.38 5.39
37.43 5.46
37.50 5.47
37.65 5.73
37.73 5.96
37.85 6.03
37.95 6.00
38.03 6.18
38.18 6.18
38.25 6.26
39.18 6.37
39.98 6.15
40.28 6.11
40.53 6.20
41.18 6.16
41.28 6.06
41.83 5.88
42.25 5.50
42.33 5.34
42.40 5.40
42.85 5.12
43.18 4.74
43.20 4.68
43.23 4.52
43.58 4.34
43.80 4.06
43.88 4.01
43.98 4.04
44.50 3.75
44.55 3.82
44.62 3.81
44.93 3.52
45.03 3.72
45.45 3.74
45.70 3.63
46.03 3.67
46.43 3.43
46.62 3.45
46.85 3.32
47.00 3.50
47.10 3.43
47.18 3.44
47.23 3.48
47.28 3.62
47.30 3.65
48.05 3.60
48.33 3.45
48.43 3.52
48.58 3.48
48.85 3.31
48.93 3.31
48.98 3.23
49.45 2.96
49.58 3.02
50.08 3.01
50.18 2.94
50.33 2.72
50.80 2.65
50.93 2.58
51.05 2.43
51.50 2.44
52.75 2.33
53.35 2.67
53.90 2.80
54.28 2.98
54.78 2.93
54.98 2.83
55.25 3.00
55.65 3.16
56.20 3.57
56.33 3.60
56.88 3.44
57.43 3.49
57.65 3.46
58.00 3.66
58.12 3.61
58.33 3.71
58.55 3.58
58.78 3.37
59.25 3.51
59.68 3.46
60.00 3.26
