# Monument Valley from the visitor centre, facing east
# Observer 36.982, -110.1121 at 1715 m; centre azimuth 85; angles x1.0.
# Source: USGS 3DEP (public domain).
# azimuth offset and altitude, degrees
-60.00 3.22
-59.98 3.18
-59.95 2.98
-59.90 2.77
-59.88 2.57
-59.83 2.07
-59.77 1.53
-59.75 1.20
-59.73 1.01
-59.70 0.93
-59.52 0.86
-59.05 0.80
-58.48 0.50
-56.98 0.42
-56.65 0.49
-56.27 0.63
-55.83 0.89
-55.75 1.05
-55.55 1.81
-55.42 1.88
-55.27 1.77
-55.20 1.82
-55.08 1.78
-54.90 1.94
-54.67 2.00
-54.62 1.83
-54.48 1.74
-54.38 1.45
-54.30 1.44
-54.25 1.86
-54.15 2.36
-54.05 2.42
-53.90 2.39
-53.83 2.28
-53.80 2.14
-53.67 1.22
-53.62 0.96
-53.60 0.88
-53.33 0.55
-53.17 0.42
-52.02 0.52
-48.95 0.43
-46.35 0.32
-43.17 0.00
-30.62 0.00
-30.05 0.34
-29.95 0.84
-29.85 1.50
-29.70 2.67
-29.57 3.72
-29.50 4.26
-29.47 4.33
-29.45 4.48
-29.40 4.65
-29.38 4.79
-29.32 4.89
-29.27 4.88
-29.25 4.95
-29.20 4.96
-29.15 5.06
-29.07 5.13
-28.95 4.96
-28.80 4.93
-28.57 5.11
-28.52 5.10
-28.47 5.18
-28.35 5.22
-28.30 5.17
-28.02 4.69
-27.95 4.64
-27.88 4.70
-27.75 4.96
-27.57 5.07
-27.42 5.00
-27.02 5.28
-26.75 5.30
-26.52 5.22
-26.32 5.23
-26.15 5.16
-25.98 4.99
-25.77 4.90
-25.73 4.78
-25.60 4.13
-25.48 3.67
-25.30 3.37
-25.10 2.89
-24.98 2.65
-24.88 2.53
-24.45 2.32
-24.10 2.06
-24.02 2.09
-23.62 2.72
-23.50 2.57
-23.45 2.42
-23.40 2.14
-23.35 1.94
-23.30 1.65
-23.20 1.19
-23.10 0.80
-22.95 0.28
-22.82 0.00
-7.75 0.00
-7.62 0.51
-7.52 0.81
-7.38 0.65
-7.27 0.72
-7.10 1.48
-6.97 1.87
-6.92 1.98
-6.80 2.11
-6.65 2.17
-6.40 2.41
-6.17 2.47
-5.92 2.61
-5.72 2.50
-5.60 2.52
-5.45 2.64
-5.32 2.60
-5.12 2.19
-4.92 2.14
-4.77 1.87
-4.75 1.74
-4.60 0.48
-4.52 0.02
-4.50 0.00
6.62 0.00
6.65 0.11
6.83 1.29
6.98 2.49
7.00 2.61
7.03 2.65
7.23 2.73
7.30 2.92
7.75 3.50
8.25 3.77
8.50 4.01
8.75 4.17
10.12 4.32
11.98 4.18
12.23 4.03
12.42 3.78
12.67 3.60
12.90 3.34
13.10 3.06
13.15 2.94
13.20 2.61
13.35 1.83
13.53 0.12
13.55 0.00
29.75 0.00
29.78 0.04
29.80 0.17
29.83 0.24
29.93 0.46
30.12 0.68
30.18 0.78
30.60 0.96
32.83 0.99
35.95 0.83
38.80 0.83
40.38 0.77
40.40 0.79
40.50 1.02
40.75 1.30
41.43 1.56
41.68 1.59
42.12 1.58
42.75 1.43
43.00 1.30
43.08 1.21
43.15 1.06
43.30 1.00
43.33 0.95
43.35 0.81
43.38 0.78
43.78 0.80
44.10 0.90
45.25 0.97
46.08 0.94
46.43 0.85
47.28 0.87
48.50 0.82
48.62 0.74
48.75 0.36
48.83 0.39
49.05 0.35
49.38 0.24
49.55 0.00
49.60 0.03
49.65 0.30
49.68 0.14
49.70 0.17
49.75 0.42
49.80 0.57
49.88 0.61
49.95 0.72
50.48 0.81
51.33 0.70
51.58 0.75
51.85 0.72
52.40 0.78
53.35 0.78
54.25 0.90
54.62 0.88
54.73 0.77
54.80 0.76
55.08 0.89
55.50 0.96
59.10 0.99
59.68 0.93
60.00 0.97
