# Shiprock from 4 km north, facing south
# Observer 36.7235, -108.8364 at 1606 m; centre azimuth 180; angles x1.0.
# Source: USGS 3DEP (public domain).
# azimuth offset and altitude, degrees
-60.00 0.75
-58.25 0.79
-55.35 0.72
-41.25 1.00
-34.55 1.00
-29.12 1.10
-20.02 1.04
-19.60 1.14
-18.57 1.18
-15.42 1.09
-13.60 1.17
-12.80 1.26
-11.22 1.26
-11.10 1.28
-10.47 1.60
-10.17 1.67
-9.60 1.42
-9.32 1.52
-9.02 1.73
-8.77 1.82
-8.45 1.65
-8.00 1.52
-7.02 1.60
-6.25 1.81
-5.38 2.29
-5.35 2.32
-5.20 2.72
-5.10 3.09
-5.00 3.23
-4.92 3.42
-4.77 3.58
-4.52 3.67
-4.47 3.87
-4.45 3.91
-4.40 3.89
-4.38 3.83
-4.32 3.87
-4.22 3.72
-4.12 3.34
-4.00 3.15
-3.90 3.55
-3.88 3.71
-3.75 4.75
-3.72 4.91
-3.70 4.98
-3.67 5.18
-3.65 5.28
-3.60 5.38
-3.52 5.45
-3.42 5.44
-3.35 5.59
-3.25 5.66
-3.17 5.61
-3.05 5.62
-2.57 6.10
-2.27 6.32
-2.10 6.30
-2.05 6.54
-2.02 6.59
-1.95 6.57
-1.90 6.67
-1.82 6.70
-1.67 7.03
-1.60 7.08
-1.55 7.25
-1.52 7.44
-1.47 7.59
-1.38 7.71
-1.32 7.66
-1.27 7.80
-1.17 7.88
-1.15 7.95
-1.02 7.96
-0.95 7.82
-0.88 7.77
-0.70 7.45
-0.62 7.54
-0.55 7.40
-0.50 7.39
-0.42 7.52
-0.38 7.78
-0.32 7.89
-0.02 8.24
0.08 8.28
0.15 8.23
0.25 8.01
0.35 7.94
0.43 7.52
0.50 7.36
0.55 7.20
0.68 7.40
0.73 7.39
0.75 7.35
0.80 7.04
0.85 6.93
1.03 6.86
1.12 6.71
1.15 6.57
1.18 6.28
1.20 6.14
1.23 6.01
1.28 5.92
1.30 5.79
1.35 5.24
1.38 5.20
1.45 5.26
1.50 5.18
1.62 5.08
1.73 5.11
1.83 4.99
1.90 4.99
1.95 4.83
2.10 4.58
2.30 4.10
2.45 3.95
2.50 3.70
2.53 3.63
2.62 3.51
3.95 2.95
4.75 2.81
5.40 2.81
7.28 2.39
9.30 2.07
10.55 1.65
11.03 1.76
11.50 2.08
11.62 2.11
13.15 1.68
13.70 1.44
14.05 1.53
14.28 1.53
17.78 1.31
18.23 1.40
18.78 1.33
19.35 1.37
19.70 1.49
20.15 1.36
20.40 1.46
21.00 1.55
21.28 1.41
21.88 1.69
22.23 1.76
22.58 1.92
23.70 2.03
27.70 2.15
28.58 2.02
28.73 1.96
28.85 1.84
29.40 1.81
31.10 1.60
31.53 1.43
31.80 1.27
32.33 1.24
32.78 1.41
33.83 1.56
34.00 1.63
34.15 1.63
34.38 1.74
34.80 1.71
35.00 1.75
35.90 1.66
36.18 1.80
36.75 1.57
37.35 1.65
38.03 1.98
38.40 1.97
38.68 1.79
39.25 1.69
39.90 1.84
40.28 1.73
40.58 1.76
40.90 1.92
41.25 1.93
41.73 1.88
42.10 1.57
42.28 1.63
42.88 1.46
43.23 1.45
44.00 1.31
44.18 1.26
44.40 1.12
44.75 1.06
44.98 0.96
45.25 1.00
45.78 1.30
46.60 1.36
47.75 1.30
47.95 1.26
48.20 1.14
48.40 1.18
48.62 1.08
48.80 1.06
49.10 1.22
49.50 1.29
49.68 1.39
50.62 1.68
50.85 1.65
51.38 1.69
51.80 1.59
52.23 1.74
52.53 1.76
52.68 1.81
52.78 1.75
52.95 1.74
53.15 1.57
53.60 1.60
53.88 1.69
54.05 1.64
54.68 1.64
54.88 1.45
55.25 1.26
55.65 1.16
56.08 1.12
56.78 0.83
57.15 0.74
57.80 0.65
58.10 0.65
58.73 0.89
59.30 0.84
59.53 0.68
60.00 0.71
