# Mount Fuji from the north shore of Lake Kawaguchi, facing south
# Observer 35.5228, 138.7453 at 840 m; centre azimuth 185; angles x1.0.
# Source: NASA SRTMGL1 v3 (public domain).
# azimuth offset and altitude, degrees
-60.00 4.14
-59.90 4.08
-59.20 4.04
-57.35 3.59
-54.40 2.58
-53.67 2.39
-52.92 2.28
-52.52 2.10
-52.33 2.05
-51.95 2.18
-51.77 2.06
-50.80 1.72
-49.62 1.40
-49.30 1.21
-48.95 1.20
-48.48 1.30
-47.77 1.32
-47.38 1.43
-46.83 1.48
-45.90 1.37
-45.30 1.42
-44.08 1.24
-42.83 1.45
-42.12 1.32
-41.40 1.36
-40.88 1.32
-40.17 1.15
-39.42 1.07
-38.45 1.13
-37.17 1.29
-35.50 1.29
-28.12 1.84
-25.20 2.11
-22.25 2.52
-20.70 2.67
-18.45 3.06
-15.97 3.66
-14.72 3.88
-14.22 3.91
-13.30 4.20
-12.92 4.26
-12.45 4.40
-11.80 4.68
-10.25 5.18
-8.67 5.80
-7.20 6.45
-6.27 6.91
-5.20 7.36
-3.27 8.33
-3.05 8.49
-2.02 9.05
-1.75 9.16
-1.30 9.24
-0.77 9.24
-0.45 9.37
0.45 9.16
0.85 8.88
1.55 8.55
2.53 7.98
2.93 7.69
4.03 7.01
5.17 6.47
8.10 5.39
8.73 5.20
9.73 5.02
10.20 5.07
10.85 4.81
11.23 4.78
11.73 4.68
12.05 4.56
13.12 4.40
13.65 4.15
14.20 3.98
14.60 4.01
14.85 4.09
15.17 4.09
15.58 3.99
16.38 3.65
16.70 3.60
17.05 3.62
17.40 3.53
17.85 3.51
18.55 3.57
18.90 3.51
19.38 3.33
19.95 3.33
20.50 3.24
22.38 3.13
22.62 3.14
23.12 3.29
23.53 3.32
23.95 3.28
24.48 3.13
25.05 3.38
25.60 3.49
26.12 3.67
26.65 3.74
27.70 4.30
28.75 4.55
29.10 4.75
29.88 5.03
30.25 5.09
31.98 5.02
33.18 5.30
35.83 5.72
40.28 6.59
41.33 6.52
42.58 6.23
43.58 6.09
44.60 5.78
45.40 5.65
45.62 5.57
46.73 4.88
47.10 4.83
47.90 4.78
49.03 4.86
49.68 5.00
50.98 5.38
53.58 5.06
54.85 5.10
56.73 4.99
57.48 4.88
57.93 4.58
58.10 4.53
58.68 4.48
60.00 4.48
