# Devils Tower from 2.2 km south-east, facing north-west
# Observer 44.5729, -104.7011 at 1284 m; centre azimuth 331; angles x1.0.
# Source: USGS 3DEP (public domain).
# azimuth offset and altitude, degrees
-60.00 0.39
-59.58 0.35
-59.33 0.45
-58.83 0.50
-58.00 0.79
-57.35 0.77
-56.70 0.84
-53.80 0.78
-53.10 0.70
-52.80 0.76
-52.38 0.78
-46.10 0.69
-42.50 0.74
-40.67 0.67
-38.90 0.82
-37.20 0.86
-36.47 1.07
-35.92 1.03
-35.47 1.14
-34.92 1.14
-34.55 1.23
-33.55 1.18
-32.90 1.02
-32.62 1.16
-32.27 1.17
-31.05 0.96
-30.50 1.00
-30.17 1.09
-29.80 1.00
-29.42 1.20
-29.12 1.23
-28.38 1.74
-28.12 1.84
-27.85 1.75
-27.67 1.78
-27.05 1.44
-26.55 1.39
-26.35 1.57
-26.15 1.68
-25.52 1.86
-24.98 1.82
-24.50 1.95
-24.25 1.96
-23.88 1.81
-23.45 1.84
-23.23 1.79
-22.70 1.91
-22.50 2.11
-22.23 2.26
-21.90 2.41
-21.62 2.45
-21.30 2.34
-21.07 2.21
-20.90 1.96
-20.27 1.90
-19.45 1.71
-19.05 1.67
-18.75 1.84
-18.27 2.25
-18.15 2.29
-17.52 1.99
-17.32 1.72
-17.10 1.60
-15.90 1.40
-15.05 1.33
-13.52 1.34
-11.20 1.27
-9.52 1.28
-8.42 1.34
-7.65 1.44
-7.55 1.51
-7.32 1.55
-6.02 1.53
-4.85 1.58
-4.42 1.74
-3.82 1.88
-3.77 2.31
-3.75 2.46
-3.65 2.67
-3.57 2.89
-3.47 3.03
-3.27 3.12
-3.17 3.21
-2.95 3.54
-2.85 3.79
-2.80 3.97
-2.72 4.45
-2.67 4.70
-2.45 5.69
-2.35 6.06
-2.30 6.31
-2.17 6.56
-1.90 6.74
-1.62 6.83
-1.25 6.91
-0.65 6.93
0.35 6.77
0.50 6.72
0.58 6.64
0.75 6.27
0.88 5.86
0.95 5.67
1.08 5.06
1.20 4.77
1.33 4.53
1.48 3.96
1.58 3.67
1.70 3.53
1.93 3.37
2.20 2.77
2.35 2.61
2.48 2.25
2.50 2.22
3.28 1.83
6.73 1.81
6.88 1.76
7.20 1.55
7.67 1.37
8.42 1.26
9.03 1.23
9.67 0.93
10.12 0.95
10.53 0.87
10.98 0.94
11.40 0.83
11.88 0.80
13.28 0.80
13.92 0.75
14.90 0.60
15.85 0.59
16.50 0.47
17.93 0.45
20.80 0.49
24.03 0.42
25.20 0.46
25.75 0.42
28.65 0.39
28.95 0.36
29.12 0.27
30.20 0.26
32.50 0.30
33.50 0.41
35.05 0.49
38.03 0.55
41.28 0.56
42.58 0.54
42.83 0.42
43.78 0.43
44.35 0.29
45.23 0.40
46.95 0.40
47.65 0.15
47.90 0.17
48.30 0.12
48.48 0.16
48.78 0.09
49.05 0.14
49.60 0.12
50.10 0.02
50.48 0.09
50.95 0.06
51.18 0.00
51.53 0.00
51.78 0.08
52.25 0.02
53.70 0.00
57.08 0.00
57.88 0.07
60.00 0.09
